0.0160184279084206
0.0000000000000000
0.0425167083740234
0.0388701483607292
0.0000000000000000
0.0211843773722649
0.0000000000000000
0.0000000000000000
0.0885240361094475
0.0000000000000000
0.0000000000000000
0.0000000000000000
0.1878925859928131
0.0578322187066078
0.0000000000000000
0.0000000000000000
0.0000000000000000
0.0138304904103279
0.1649193167686462
0.0000000000000000
0.0617218837141991
0.0543072223663330
0.1869809329509735
0.0000000000000000
0.0439753234386444
0.1764059364795685
0.0000000000000000
0.0000000000000000
0.0000000000000000
0.0000000000000000
0.2006555050611496
0.0000000000000000
0.0362567901611328
0.0000000000000000
0.0000000000000000
0.0000000000000000
0.0000000000000000
0.0000000000000000
0.0000000000000000
0.0191787742078304
0.0287813581526279
0.0000000000000000
0.0000000000000000
0.0337649844586849
0.1401835232973099
0.0000000000000000
0.0000000000000000
0.0000000000000000
0.0000000000000000
0.0000000000000000
0.0000000000000000
0.0000000000000000
0.0000000000000000
0.2432593852281570
0.3384343385696411
0.0000000000000000
0.0000000000000000
0.0000000000000000
0.0000000000000000
0.0000000000000000
0.0000000000000000
0.0000000000000000
0.0000000000000000
0.1751904189586639
0.4772465229034424
0.3299865722656250
0.0000000000000000
0.0000000000000000
0.0000000000000000
0.0000000000000000
0.0304830856621265
0.0992205888032913
0.0370468795299530
0.1646761745214462
0.5231322646141052
0.7740150690078735
0.4472839832305908
0.2362701445817947
0.0000000000000000
0.0614180043339729
0.1861300766468048
0.1779861152172089
0.0948447287082672
0.0355882570147514
0.2459335178136826
0.8127292990684509
0.6579331755638123
0.4457038044929504
0.2373033612966537
0.2544421553611755
0.0000000000000000
0.0000000000000000
0.0000000000000000
0.0000000000000000
0.0000000000000000
0.2070370018482208
0.0989774763584137
0.0000000000000000
0.0000000000000000
0.0000000000000000
0.4523548483848572
0.4330815672874451
0.5110741853713989
0.4810078144073486
0.5810148119926453
0.4921435117721558
0.4476007819175720
0.4251152575016022
0.2952560782432556
0.3819002509117126
0.3045501112937927
0.3293484151363373
0.4888456165790558
0.6017014980316162
0.6771242618560791
0.4356513023376465
0.2200902551412582
0.2167923897504807
0.1734060645103455
0.3246371448040009
0.3709787130355835
0.4244300127029419
0.4083689153194427
0.4586936235427856
0.6128799915313721
0.5017801523208618
0.2659606933593750
0.2460021078586578
0.1230384930968285
0.2657893598079681
0.4226311445236206
0.3813863098621368
0.2666459679603577
0.2528976798057556
0.4683731198310852
0.4183481931686401
0.2848485112190247
0.3162854015827179
0.2403486371040344
0.3780456185340881
0.2920438647270203
0.2355088889598846
0.0536974817514420
0.1486933976411819
0.2588081359863281
0.2828783392906189
0.2426186054944992
0.2557244300842285
0.2024873197078705
0.3939781785011292
0.1643690019845963
0.1017950475215912
0.0000000000000000
0.0000000000000000
0.1178989559412003
0.1811153590679169
0.2633480727672577
0.1623560190200806
0.1893814504146576
0.3815147876739502
0.1674955636262894
0.1911803185939789
0.1029514372348785
0.1633839309215546
0.2381214797496796
0.1821432709693909
0.1934930980205536
0.1235524639487267
0.1881822347640991
0.3910657763481140
0.1968338042497635
0.2513986527919769
0.1098470017313957
0.0792238712310791
0.1272786259651184
0.1875826269388199
0.1049216091632843
0.1716071963310242
0.0940429121255875
0.2977830171585083
0.3591577708721161
0.2719996571540833
0.2623201608657837
0.0210613757371902
0.1144726052880287
0.2001745104789734
0.1438108384609222
0.3371005654335022
0.3157714307308197
0.4166778326034546
0.3156001269817352
0.2196619659662247
0.2206470370292664
0.1099754795432091
0.1342598497867584
0.1041506826877594
0.0000000000000000
0.0476156771183014
0.0911305099725723
0.3274210691452026
0.2996007800102234
0.1706193983554840
0.0000000000000000
0.0491566881537437
0.1470787227153778
0.2841158807277679
0.3496806621551514
0.1791674345731735
0.3238575458526611
0.5370214581489563
0.4247333407402039
0.1696795523166656
0.0000000000000000
0.0000000000000000
0.0000000000000000
0.1158851087093353
0.2116141766309738
0.0000000000000000
0.0366255342960358
0.2765972018241882
0.2853242456912994
0.1699033379554749
0.0000000000000000
0.0000000000000000
0.0000000000000000
0.0000000000000000
0.1719172596931458
0.0357304625213146
0.0249894633889198
0.1919671297073364
0.1374565958976746
0.0912703350186348
0.0000000000000000
0.0000000000000000
0.0000000000000000
0.0000000000000000
0.0151435509324074
0.0000000000000000
0.0000000000000000
0.0765014663338661
0.1024588644504547
0.0000000000000000
0.0000000000000000
0.0000000000000000
0.0000000000000000
0.0000000000000000
0.0000000000000000
0.0000000000000000
0.0000000000000000
0.0000000000000000
0.1126180440187454
0.0000000000000000
0.0000000000000000
0.0000000000000000
0.0000000000000000
0.0000000000000000
0.0000000000000000
0.0000000000000000
0.0000000000000000
0.0941345915198326
0.1708879172801971
0.0000000000000000
0.0000000000000000
0.0000000000000000
0.0000000000000000
0.0000000000000000
0.0000000000000000
0.0000000000000000
0.0000000000000000
0.0000000000000000
0.3922418355941772
0.0000000000000000
0.0000000000000000
0.3065376877784729
0.0232440456748009
0.0000000000000000
0.0000000000000000
0.0000000000000000
0.0000000000000000
0.1942495852708817
0.3959116935729980
0.0000000000000000
0.0000000000000000
0.0342535637319088
0.1270736306905746
0.0285250321030617
0.0000000000000000
0.0000000000000000
0.1514198780059814
0.3957327008247375
0.2480887919664383
0.0000000000000000
0.0000000000000000
0.0000000000000000
0.0000000000000000
0.0000000000000000
0.0000000000000000
0.0000000000000000
0.0000000000000000
0.2445084750652313
0.0000000000000000
0.0000000000000000
0.0000000000000000
0.0000000000000000
0.0000000000000000
0.0000000000000000
0.0759108066558838
0.0000000000000000
0.0000000000000000
0.0000000000000000
0.0000000000000000
0.0000000000000000
0.0000000000000000
0.0000000000000000
0.0000000000000000
0.0000000000000000
0.2596166729927063
0.0000000000000000
0.0000000000000000
0.0000000000000000
0.0000000000000000
0.0000000000000000
0.0000000000000000
0.0000000000000000
0.0000000000000000
0.0000000000000000
0.3488282561302185
0.0000000000000000
0.0000000000000000
0.0000000000000000
0.0000000000000000
0.0000000000000000
0.0000000000000000
0.0000000000000000
0.0000000000000000
0.0000000000000000
0.0232462882995605
0.0000000000000000
0.0000000000000000
0.0000000000000000
0.0000000000000000
0.0000000000000000
0.0000000000000000
0.0000000000000000
0.0000000000000000
0.0000000000000000
0.0000000000000000
0.0000000000000000
0.0000000000000000
0.0000000000000000
0.0000000000000000
0.0000000000000000
0.0000000000000000
0.0000000000000000
0.0000000000000000
0.0000000000000000
0.0000000000000000
0.0536482930183411
0.0606558620929718
0.0000000000000000
0.0000000000000000
0.0000000000000000
0.0000000000000000
0.0576911568641663
0.0000000000000000
0.0000000000000000
0.0000000000000000
0.0000000000000000
0.0000000000000000
0.0000000000000000
0.0000000000000000
0.0000000000000000
0.0000000000000000
0.0331107378005981
0.0000000000000000
0.0000000000000000
0.0000000000000000
0.0000000000000000
0.0000000000000000
0.0000000000000000
0.0000000000000000
0.0000000000000000
0.0000000000000000
0.0839425325393677
0.0690110325813293
0.1046417951583862
0.0000000000000000
0.0000000000000000
0.0000000000000000
0.0000000000000000
0.0000000000000000
0.0000000000000000
0.0000000000000000
0.0383933782577515
0.0438376963138580
0.1031324863433838
0.1512690186500549
0.0000000000000000
0.0000000000000000
0.0000000000000000
0.0000000000000000
0.0978055074810982
0.0000000000000000
0.0000000000000000
0.0000000000000000
0.0000000000000000
0.0000000000000000
0.0125967562198639
0.0619473829865456
0.4458670318126678
0.0363801941275597
0.0000000000000000
0.0000000000000000
0.0000000000000000
0.0000000000000000
0.0261807665228844
0.1635301411151886
0.3249373733997345
0.2491047978401184
0.5361527204513550
0.0000000000000000
0.0000000000000000
0.0000000000000000
0.0000000000000000
0.0000000000000000
0.0017112493515015
0.1245161369442940
0.4845151007175446
0.3361430466175079
0.4032855331897736
0.1089196875691414
0.0000000000000000
0.0000000000000000
0.0000000000000000
0.1188904568552971
0.2349719405174255
0.2256415188312531
0.6085092425346375
0.3451990485191345
0.2023154199123383
0.0048671364784241
0.0095780864357948
0.0000000000000000
0.0000000000000000
0.0000000000000000
0.0000000000000000
0.0024430565536022
0.0000000000000000
0.0792361274361610
0.0835354402661324
0.0424632653594017
0.2908630073070526
0.0485463365912437
0.0000000000000000
0.0000000000000000
0.0000000000000000
0.0265466496348381
0.0000000000000000
0.0000000000000000
0.0306172743439674
0.0629993528127670
0.1101545915007591
0.0180394947528839
0.0000000000000000
0.0000000000000000
0.0000000000000000
0.2309927940368652
0.0209667012095451
0.0000000000000000
0.1879081726074219
0.0181767046451569
0.0000000000000000
0.0000000000000000
0.0538061335682869
0.0588372573256493
0.2484644353389740
0.5883846879005432
0.4052522480487823
0.2963515520095825
0.2234918475151062
0.0000000000000000
0.0000000000000000
0.0000000000000000
0.4356218874454498
0.4457298219203949
0.2955739796161652
0.2124691307544708
0.1186160370707512
0.0455734133720398
0.0000000000000000
0.1330233216285706
0.0000000000000000
0.0000000000000000
0.1876337528228760
0.2325478792190552
0.1477964818477631
0.0449330881237984
0.1178842112421989
0.1524617075920105
0.0000000000000000
0.0000000000000000
0.0000000000000000
0.0000000000000000
0.0000000000000000
0.0000000000000000
0.0000000000000000
0.0000000000000000
0.0000000000000000
0.0000000000000000
0.0000000000000000
0.0000000000000000
0.0000000000000000
0.0000000000000000
0.0000000000000000
0.0000000000000000
0.0000000000000000
0.0000000000000000
0.0000000000000000
0.0000000000000000
0.0000000000000000
0.0212233662605286
0.0000000000000000
0.0000000000000000
0.0551733523607254
0.0034551471471786
0.0680764615535736
0.0220694690942764
0.0746337920427322
0.0218579471111298
0.0156179070472717
0.0000000000000000
0.0426932871341705
0.0201657339930534
0.1429568231105804
0.1203234940767288
0.2853141427040100
0.3661172389984131
0.4698709845542908
0.3932983279228210
0.2225965410470963
0.0371935963630676
0.1659074276685715
0.1260347217321396
0.1582925021648407
0.1155641525983810
0.2306345552206039
0.3582907319068909
0.5764802694320679
0.5766918063163757
0.3762705326080322
0.0547503083944321
0.1798681765794754
0.1440144628286362
0.1625230461359024
0.0762202292680740
0.1920309513807297
0.2675458788871765
0.5023402571678162
0.5448570847511292
0.3915003538131714
0.1365052759647369
0.2252406030893326
0.2178371697664261
0.3035054206848145
0.2280962318181992
0.3714053630828857
0.5237044095993042
0.7018097043037415
0.6775899529457092
0.4764282703399658
0.3113318681716919
0.3722514510154724
0.4488241076469421
0.5167240500450134
0.4861584901809692
0.6381402015686035
0.8637331724166870
1.1191513538360596
1.0032348632812500
0.6303137540817261
0.2617289423942566
0.3829335570335388
0.4336999654769897
0.4589773416519165
0.6040844917297363
0.8445900678634644
1.0614045858383179
1.2553744316101074
1.1323717832565308
0.6499856710433960
0.1095356345176697
0.2276731878519058
0.3491951227188110
0.2963134646415710
0.3433781266212463
0.3790203332901001
0.4453338980674744
0.5535296201705933
0.5974214076995850
0.3418974280357361
0.2019130736589432
0.0000000000000000
0.0000000000000000
0.0000000000000000
0.0000000000000000
0.0000000000000000
0.0165515877306461
0.0406485795974731
0.0000000000000000
0.0348653048276901
0.3504988253116608
0.0000000000000000
0.0000000000000000
0.0000000000000000
0.0000000000000000
0.0000000000000000
0.0000000000000000
0.0138082355260849
0.0000000000000000
0.0020933877676725
0.3402668833732605
0.0000000000000000
0.0000000000000000
0.0000000000000000
0.0000000000000000
0.0000000000000000
0.0000000000000000
0.1666943877935410
0.1738864183425903
0.1869358718395233
0.1423008292913437
0.0000000000000000
0.0000000000000000
0.0000000000000000
0.0000000000000000
0.0000000000000000
0.0000000000000000
0.0000000000000000
0.0000000000000000
0.2054720222949982
0.0000000000000000
0.0000000000000000
0.0000000000000000
0.0000000000000000
0.0000000000000000
0.0121770575642586
0.0000000000000000
0.0000000000000000
0.0000000000000000
0.1990955770015717
0.0000000000000000
0.0000000000000000
0.0000000000000000
0.0000000000000000
0.0000000000000000
0.0000000000000000
0.0000000000000000
0.0000000000000000
0.0175154712051153
0.3145387172698975
0.1279167830944061
0.0000000000000000
0.0000000000000000
0.0000000000000000
0.0000000000000000
0.0000000000000000
0.0000000000000000
0.0164032950997353
0.1128654181957245
0.3955045938491821
0.2246754765510559
0.0000000000000000
0.0000000000000000
0.0000000000000000
0.0000000000000000
0.0000000000000000
0.0000000000000000
0.0000000000000000
0.0000000000000000
0.1515688896179199
0.4161909520626068
0.0000000000000000
0.0000000000000000
0.0000000000000000
0.0000000000000000
0.0681562274694443
0.2333503812551498
0.2608579993247986
0.1877514570951462
0.3327783048152924
0.4746168851852417
0.0000000000000000
0.0000000000000000
0.0262645296752453
0.0773501545190811
0.2080670595169067
0.3921681046485901
0.3235843479633331
0.2675310373306274
0.2996356487274170
0.5494997501373291
0.6581556797027588
0.7738525867462158
0.5951352119445801
0.5489347577095032
0.4014233946800232
0.4917817115783691
0.7405604124069214
0.7684632539749146
0.5142083168029785
0.6737152338027954
0.6864931583404541
0.7223930954933167
0.4218072593212128
0.3483558297157288
0.2129705250263214
0.4181129634380341
0.6688474416732788
0.7497743964195251
0.4751790761947632
0.7353883981704712
0.6017850041389465
0.4844800233840942
0.3579610288143158
0.4684858620166779
0.3975117802619934
0.4408437907695770
0.5515859127044678
0.4769610166549683
0.2973309755325317
0.7682893276214600
0.5458923578262329
0.4195037484169006
0.3416191637516022
0.4041180610656738
0.4899997413158417
0.4367583096027374
0.4019449353218079
0.2273130863904953
0.2193594723939896
0.8052759170532227
0.5954829454421997
0.4866966009140015
0.5181633830070496
0.5020388364791870
0.5048638582229614
0.2789463996887207
0.2037130147218704
0.0799756050109863
0.1414314210414886
0.7841531634330750
0.6076958775520325
0.5934836864471436
0.4504055082798004
0.3713474273681641
0.4651827216148376
0.3658277094364166
0.2483488917350769
0.1777659952640533
0.1927604973316193
0.6256892681121826
0.5370694994926453
0.5546283125877380
0.4154617488384247
0.3400979638099670
0.5421980619430542
0.4945632815361023
0.4144186675548553
0.3894712328910828
0.2571282982826233
0.5861819982528687
0.6592857241630554
0.7620308399200439
0.4740925133228302
0.2234449386596680
0.1605983376502991
0.0459010899066925
0.2046257406473160
0.4240238368511200
0.3628722727298737
0.3706085681915283
0.5467616319656372
0.5554106235504150
0.1359986364841461
0.0000000000000000
0.0000000000000000
0.0000000000000000
0.1893269866704941
0.4186779558658600
0.3178017735481262
0.4108982086181641
0.5403291583061218
0.5601045489311218
0.2899858355522156
0.1056618988513947
0.0108704268932343
0.1269149780273438
0.3951648175716400
0.5999595522880554
0.5372433662414551
0.0000000000000000
0.0000000000000000
0.0000000000000000
0.0000000000000000
0.1103587746620178
0.0000000000000000
0.0000000000000000
0.0000000000000000
0.0000000000000000
0.0000000000000000
0.0324969440698624
0.0000000000000000
0.0000000000000000
0.0000000000000000
0.1041494607925415
0.0000000000000000
0.0000000000000000
0.0000000000000000
0.0000000000000000
0.0000000000000000
0.0000000000000000
0.0000000000000000
0.0000000000000000
0.0000000000000000
0.2130130827426910
0.0000000000000000
0.0000000000000000
0.0000000000000000
0.0000000000000000
0.0000000000000000
0.0048901587724686
0.1178635060787201
0.0000000000000000
0.0000000000000000
0.0952599048614502
0.0000000000000000
0.0000000000000000
0.0000000000000000
0.0000000000000000
0.0000000000000000
0.0000000000000000
0.0000000000000000
0.0000000000000000
0.0000000000000000
0.0000000000000000
0.0000000000000000
0.0000000000000000
0.0000000000000000
0.0000000000000000
0.0000000000000000
0.0000000000000000
0.0000000000000000
0.0000000000000000
0.0000000000000000
0.0000000000000000
0.0000000000000000
0.0000000000000000
0.0000000000000000
0.0000000000000000
0.0000000000000000
0.0000000000000000
0.0000000000000000
0.0000000000000000
0.0000000000000000
0.0000000000000000
0.0000000000000000
0.0000000000000000
0.0000000000000000
0.0000000000000000
0.0000000000000000
0.0000000000000000
0.0000000000000000
0.0000000000000000
0.0000000000000000
0.0000000000000000
0.0000000000000000
0.0000000000000000
0.0000000000000000
0.0000000000000000
0.0000000000000000
0.0000000000000000
0.0000000000000000
0.0000000000000000
0.0000000000000000
0.0000000000000000
0.0000000000000000
0.0000000000000000
0.1111628413200378
0.0000000000000000
0.0000000000000000
0.0000000000000000
0.0000000000000000
0.0000000000000000
0.0000000000000000
0.0000000000000000
0.0000000000000000
0.0000000000000000
0.2454890012741089
0.0000000000000000
0.0000000000000000
0.2200705111026764
0.0000000000000000
0.0365812405943871
0.2779229283332825
0.0724374130368233
0.1237246021628380
0.1206384077668190
0.0907863304018974
0.1398851275444031
0.0435953512787819
0.0519561842083931
0.0000000000000000
0.0000000000000000
0.3441361784934998
0.0000000000000000
0.0538640394806862
0.0000000000000000
0.0000000000000000
0.2415056526660919
0.3736515641212463
0.0000000000000000
0.0000000000000000
0.0000000000000000
0.2569927871227264
0.0554913058876991
0.2911655902862549
0.1359572112560272
0.0000000000000000
0.0000000000000000
0.1818014979362488
0.0000000000000000
0.0000000000000000
0.0000000000000000
0.2049200236797333
0.0000000000000000
0.0000000000000000
0.1822503805160522
0.0000000000000000
0.0000000000000000
0.2172087430953979
0.0000000000000000
0.0000000000000000
0.0000000000000000
0.0324288904666901
0.0000000000000000
0.0000000000000000
0.0000000000000000
0.0000000000000000
0.0000000000000000
0.0000000000000000
0.0076269730925560
0.0000000000000000
0.0000000000000000
0.1431396901607513
0.0000000000000000
0.0000000000000000
0.0000000000000000
0.0000000000000000
0.0000000000000000
0.0000000000000000
0.2067156136035919
0.0000000000000000
0.0000000000000000
0.0000000000000000
0.0000000000000000
0.0000000000000000
0.0000000000000000
0.0000000000000000
0.0000000000000000
0.0000000000000000
0.1807353198528290
0.0000000000000000
0.0000000000000000
0.0000000000000000
0.0301843881607056
0.2316297590732574
0.1157565936446190
0.1046462282538414
0.0000000000000000
0.0000000000000000
0.2104752063751221
0.0000000000000000
0.0000000000000000
0.0000000000000000
0.1237246021628380
0.1282697618007660
0.0000000000000000
0.0000000000000000
0.0000000000000000
0.0000000000000000
0.0000000000000000
0.0000000000000000
0.0000000000000000
0.0000000000000000
0.0833233073353767
0.0221602246165276
0.0000000000000000
0.0000000000000000
0.0000000000000000
0.0000000000000000
0.2863020896911621
0.1616698950529099
0.0647574514150620
0.0000000000000000
0.0000000000000000
0.0000000000000000
0.1514349132776260
0.2568765282630920
0.0433279648423195
0.0089448392391205
0.1551664173603058
0.0353318825364113
0.0000000000000000
0.0000000000000000
0.0000000000000000
0.0000000000000000
0.0156082287430763
0.3713803291320801
0.1379482001066208
0.0000000000000000
0.0000000000000000
0.0279754996299744
0.0000000000000000
0.0000000000000000
0.0000000000000000
0.0000000000000000
0.0000000000000000
0.2223334610462189
0.1415730863809586
0.0000000000000000
0.0000000000000000
0.0000000000000000
0.0000000000000000
0.0000000000000000
0.0000000000000000
0.0000000000000000
0.0000000000000000
0.2591153979301453
0.0927437171339989
0.0386369302868843
0.0469528511166573
0.0000000000000000
0.0258432105183601
0.0000000000000000
0.0000000000000000
0.0000000000000000
0.0000000000000000
0.1282462924718857
0.0768581777811050
0.2727620601654053
0.4117871820926666
0.1674803793430328
0.2617807686328888
0.0000000000000000
0.0000000000000000
0.0000000000000000
0.0000000000000000
0.0000000000000000
0.0000000000000000
0.1190241575241089
0.3977140784263611
0.0841612666845322
0.3745254278182983
0.2519189417362213
0.1510617733001709
0.0000000000000000
0.0000000000000000
0.0000000000000000
0.0000000000000000
0.1749433875083923
0.3360909521579742
0.0000000000000000
0.0000000000000000
0.0000000000000000
0.0261630490422249
0.0778710171580315
0.1346964687108994
0.0854406356811523
0.0414089038968086
0.1095354780554771
0.5269839763641357
0.3312399983406067
0.2585290372371674
0.0466863140463829
0.1279264539480209
0.0514839664101601
0.0432746559381485
0.0990872681140900
0.2108724117279053
0.1641753315925598
0.3356111943721771
0.1076164171099663
0.0199261084198952
0.0000000000000000
0.1132669821381569
0.1815001666545868
0.1482364833354950
0.1798476427793503
0.2633799910545349
0.1868841946125031
0.0000000000000000
0.0000000000000000
0.0000000000000000
0.0000000000000000
0.0000000000000000
0.0000000000000000
0.0000000000000000
0.0000000000000000
0.0000000000000000
0.0000000000000000
0.0000000000000000
0.0000000000000000
0.0000000000000000
0.0010187476873398
0.0000000000000000
0.0000000000000000
0.0000000000000000
0.0000000000000000
0.0000000000000000
0.0000000000000000
0.0849130973219872
0.0568744316697121
0.0352635979652405
0.0375909209251404
0.0000000000000000
0.0174208059906960
0.0000000000000000
0.0365934893488884
0.0000000000000000
0.0000000000000000
0.0000213235616684
0.0246244221925735
0.0230728834867477
0.1026450470089912
0.0000000000000000
0.1627120673656464
0.2477146685123444
0.4588358700275421
0.2961450815200806
0.0897893831133842
0.0353744328022003
0.0616398975253105
0.1147249564528465
0.1506322026252747
0.1023125872015953
0.1786708533763885
0.2633409202098846
0.4645987451076508
0.4054183065891266
0.2310909628868103
0.0324929878115654
0.0563203021883965
0.0792610421776772
0.1546218991279602
0.1424311399459839
0.1626012623310089
0.1770084500312805
0.3434672653675079
0.3311657309532166
0.2262146770954132
0.1458667218685150
0.1867610514163971
0.2056012451648712
0.2898280620574951
0.2575780749320984
0.3099981844425201
0.3206373453140259
0.4951863586902618
0.4050858914852142
0.3163152337074280
0.3271760046482086
0.4017611145973206
0.4556219279766083
0.4859879314899445
0.3998771011829376
0.4239260256290436
0.4836606085300446
0.7130678892135620
0.6127715110778809
0.4503023326396942
0.2635626196861267
0.3713951110839844
0.3373719155788422
0.3227430582046509
0.3777121305465698
0.5826271176338196
0.6731709837913513
0.8858436942100525
0.7449854612350464
0.5194570422172546
0.0998744294047356
0.2650033235549927
0.2713203430175781
0.1831038296222687
0.2051579654216766
0.2471605241298676
0.2664440572261810
0.3975497782230377
0.3947791457176208
0.2751992046833038
0.4857977032661438
0.6212384104728699
0.6287102699279785
0.6502893567085266
0.6667385101318359
0.5439273715019226
0.5414739251136780
0.6367396712303162
0.7337338924407959
0.6666269302368164
0.4431135654449463
0.6197886466979980
0.6061832308769226
0.5581740140914917
0.5684617161750793
0.3940727710723877
0.3651891350746155
0.4278353452682495
0.5583134293556213
0.4978139996528625
0.5630251169204712
0.6390815377235413
0.5558041930198669
0.4187743663787842
0.4406043887138367
0.2778971195220947
0.2213287353515625
0.1991920918226242
0.3760065734386444
0.3673638105392456
0.4897009134292603
0.4829539656639099
0.3578846156597137
0.2488740980625153
0.2917534410953522
0.2576562762260437
0.2095634192228317
0.1031457334756851
0.1751874685287476
0.2074166685342789
0.3877440392971039
0.3778466582298279
0.2218027114868164
0.1508482843637466
0.0786392912268639
0.0997164994478226
0.0301560759544373
0.0000000000000000
0.0551643967628479
0.1361834704875946
0.2774789333343506
0.2540876567363739
0.1786445826292038
0.2348226308822632
0.2312261313199997
0.2201856672763824
0.1902426183223724
0.1812931746244431
0.2131320387125015
0.2282708585262299
0.2127138376235962
0.1618608683347702
0.1666562110185623
0.2727950811386108
0.3356643319129944
0.1383301913738251
0.0000000000000000
0.0000000000000000
0.0201193243265152
0.1860606223344803
0.0637792646884918
0.0059284269809723
0.0000000000000000
0.1187863647937775
0.1997775584459305
0.1372428983449936
0.0554431825876236
0.0000000000000000
0.0000000000000000
0.1936160922050476
0.0933319851756096
0.1073834747076035
0.0672363638877869
0.2124629318714142
0.0366242229938507
0.0000000000000000
0.0000000000000000
0.0000000000000000
0.0000000000000000
0.0000000000000000
0.2187359035015106
0.2411792576313019
0.1941458135843277
0.2378615289926529
0.0600712597370148
0.0000000000000000
0.0000000000000000
0.0000000000000000
0.0000000000000000
0.0725056827068329
0.2206121981143951
0.1606206148862839
0.2900669276714325
0.3876774311065674
0.4907788336277008
0.5341807007789612
0.3603394925594330
0.0000000000000000
0.0000000000000000
0.0894134491682053
0.1768013983964920
0.1474773585796356
0.2007513195276260
0.2126094251871109
0.2418750375509262
0.2952657938003540
0.2710238397121429
0.0000000000000000
0.0000000000000000
0.0000000000000000
0.1772103011608124
0.0904649198055267
0.0000000000000000
0.0000000000000000
0.0000000000000000
0.0000000000000000
0.1319391280412674
0.0000000000000000
0.0000000000000000
0.0000000000000000
0.1737054288387299
0.0000000000000000
0.0000000000000000
0.0000000000000000
0.0000000000000000
0.0000000000000000
0.0572855211794376
0.0000000000000000
0.0000000000000000
0.0000000000000000
0.0381840281188488
0.0000000000000000
0.0000000000000000
0.0000000000000000
0.0000000000000000
0.0000000000000000
0.0609656386077404
0.0000000000000000
0.0000000000000000
0.0000000000000000
0.0339781902730465
0.0000000000000000
0.0000000000000000
0.0000000000000000
0.0000000000000000
0.0000000000000000
0.2779751718044281
0.0163370370864868
0.0000000000000000
0.0000000000000000
0.1734717786312103
0.0000000000000000
0.0000000000000000
0.0000000000000000
0.0000000000000000
0.0000000000000000
0.0000000000000000
0.0000000000000000
0.0000000000000000
0.0000000000000000
0.1527346670627594
0.0000000000000000
0.0000000000000000
0.0000000000000000
0.0000000000000000
0.0000000000000000
0.0000000000000000
0.0000000000000000
0.0000000000000000
0.0000000000000000
0.0000000000000000
0.0000000000000000
0.0000000000000000
0.0000000000000000
0.0000000000000000
0.0000000000000000
0.0000000000000000
0.0000000000000000
0.0000000000000000
0.0000000000000000
0.1591018438339233
0.0000000000000000
0.0000000000000000
0.0000000000000000
0.0000000000000000
0.0000000000000000
0.0000000000000000
0.0000000000000000
0.1554801464080811
0.1768013983964920
0.1761822998523712
0.0356442704796791
0.1823939383029938
0.0964119657874107
0.0000000000000000
0.0520315244793892
0.0730366334319115
0.1727495789527893
0.2096924185752869
0.0000000000000000
0.0852964296936989
0.1186430379748344
0.2680081427097321
0.0000000000000000
0.0000000000000000
0.0000000000000000
0.0000000000000000
0.0168459340929985
0.2113679349422455
0.0089179426431656
0.0888517573475838
0.0000000000000000
0.1506002247333527
0.0000000000000000
0.0000000000000000
0.0000000000000000
0.0000000000000000
0.0000000000000000
0.0000000000000000
0.0571397766470909
0.2474934458732605
0.0365024581551552
0.2611018121242523
0.1999254524707794
0.2065048515796661
0.0000000000000000
0.0000000000000000
0.0000000000000000
0.0000000000000000
0.0000000000000000
0.1377683281898499
0.0000000000000000
0.0000000000000000
0.0980057492852211
0.2116131186485291
0.0000000000000000
0.0000000000000000
0.0000000000000000
0.0000000000000000
0.0000000000000000
0.1315566897392273
0.0000000000000000
0.0000000000000000
0.0000000000000000
0.1510906517505646
0.1318427324295044
0.0000000000000000
0.0000000000000000
0.0000000000000000
0.0000000000000000
0.1452059447765350
0.0986187383532524
0.0000000000000000
0.0000000000000000
0.0000000000000000
0.0000000000000000
0.0000000000000000
0.0000000000000000
0.0000000000000000
0.0000000000000000
0.0311898812651634
0.2259162068367004
0.0126776099205017
0.0000000000000000
0.0000000000000000
0.0000000000000000
0.0000000000000000
0.0000000000000000
0.0000000000000000
0.0000000000000000
0.0000000000000000
0.2293080687522888
0.0650677755475044
0.0000000000000000
0.0000000000000000
0.0000000000000000
0.0000000000000000
0.0000000000000000
0.0000000000000000
0.0000000000000000
0.0000000000000000
0.1489247381687164
0.0461059585213661
0.0000000000000000
0.0000000000000000
0.0000000000000000
0.0000000000000000
0.0000000000000000
0.0000000000000000
0.0000000000000000
0.0000000000000000
0.1252343654632568
0.0000000000000000
0.0000000000000000
0.0000000000000000
0.0000000000000000
0.0000000000000000
0.2148715853691101
0.0000000000000000
0.0000000000000000
0.0000000000000000
0.0589758455753326
0.0000000000000000
0.0000000000000000
0.0000000000000000
0.0000000000000000
0.0000000000000000
0.4932809174060822
0.0000000000000000
0.0000000000000000
0.0000000000000000
0.0192994326353073
0.0000000000000000
0.0000000000000000
0.0000000000000000
0.0000000000000000
0.0000000000000000
0.3825129568576813
0.0312698036432266
0.0000000000000000
0.0416104197502136
0.0000000000000000
0.0000000000000000
0.0000000000000000
0.0000000000000000
0.0000000000000000
0.0000000000000000
0.1978433430194855
0.0000000000000000
0.0000000000000000
0.0863447338342667
0.0000000000000000
0.0000000000000000
0.0000000000000000
0.0000000000000000
0.0000000000000000
0.0000000000000000
0.0000000000000000
0.0000000000000000
0.0000000000000000
0.0000000000000000
0.0000000000000000
0.0000000000000000
0.0000000000000000
0.0000000000000000
0.0481856614351273
0.0000000000000000
0.0000000000000000
0.0000000000000000
0.0388004630804062
0.0000000000000000
0.0000000000000000
0.0000000000000000
0.0000000000000000
0.0000000000000000
0.0000000000000000
0.0000000000000000
0.0000000000000000
0.0000000000000000
0.1386096775531769
0.0000000000000000
0.0132861733436584
0.0612238198518753
0.0000000000000000
0.0000000000000000
0.0000000000000000
0.0214350074529648
0.1039911657571793
0.0000000000000000
0.0000000000000000
0.0000000000000000
0.2460057735443115
0.2441512346267700
0.0000000000000000
0.0000000000000000
0.0000000000000000
0.0000000000000000
0.2168385684490204
0.1209070384502411
0.0793198496103287
0.0000000000000000
0.0742619484663010
0.1676645278930664
0.0000000000000000
0.0000000000000000
0.0000000000000000
0.0000000000000000
0.0434087812900543
0.1085994690656662
0.0000000000000000
