0.1419688612222672
0.2514137029647827
0.1112937182188034
0.0000000000000000
0.1884590685367584
0.2814012169837952
0.2605054974555969
0.2682220339775085
0.0159448795020580
0.0000000000000000
0.0000000000000000
0.0000000000000000
0.0000000000000000
0.0000000000000000
0.1506785899400711
0.0934158191084862
0.0539545342326164
0.1213404983282089
0.0000000000000000
0.0000000000000000
0.0000000000000000
0.0000000000000000
0.0000000000000000
0.0000000000000000
0.0000000000000000
0.0000000000000000
0.0000000000000000
0.0000000000000000
0.0000000000000000
0.0000000000000000
0.0000000000000000
0.0000000000000000
0.0000000000000000
0.0000000000000000
0.0000000000000000
0.0000000000000000
0.0680505707859993
0.0000000000000000
0.0000000000000000
0.2967961430549622
0.1041883975267410
0.2745251059532166
0.2333066314458847
0.2277293354272842
0.2101570218801498
0.1118285208940506
0.2540495991706848
0.0557499676942825
0.0000000000000000
0.4215976595878601
0.3687279820442200
0.4654902219772339
0.5418533682823181
0.4599511027336121
0.3907697796821594
0.1645454466342926
0.2071391940116882
0.0437167584896088
0.1082758754491806
0.4695776700973511
0.4045601487159729
0.4698832631111145
0.6700547933578491
0.4538007974624634
0.4279007315635681
0.1355511397123337
0.1285986155271530
0.1333355009555817
0.1408610343933105
0.6003767848014832
0.3167368769645691
0.3286172747612000
0.2734555006027222
0.1170620173215866
0.4480324983596802
0.4819929003715515
0.5983521342277527
0.6631786227226257
0.3926033973693848
0.9844079613685608
0.1042266041040421
0.1759674400091171
0.0834454447031021
0.0000000000000000
0.2836932539939880
0.4110924601554871
0.6278812289237976
0.5577448606491089
0.0000000000000000
0.5065177083015442
0.0365732386708260
0.1672576963901520
0.1365825533866882
0.0671719610691071
0.2314347773790359
0.0862722992897034
0.0000000000000000
0.1220663040876389
0.0000000000000000
0.0943708345293999
0.5057989358901978
0.5231089591979980
0.3736629486083984
0.2121601998806000
0.1773105263710022
0.1366334408521652
0.3050831556320190
0.5433183312416077
0.3923508822917938
0.4957516789436340
0.3548889160156250
0.3793181180953979
0.3709932565689087
0.2978203892707825
0.3493198752403259
0.2701186537742615
0.3434637188911438
0.4296980202198029
0.2370487600564957
0.3297707140445709
0.4548162221908569
0.5212717056274414
0.4641171097755432
0.4106369018554688
0.3490040898323059
0.2863090932369232
0.2008498609066010
0.2658126652240753
0.1616941988468170
0.2723577320575714
0.3872698545455933
0.4659543335437775
0.3926379382610321
0.4524622857570648
0.4354967474937439
0.4121009409427643
0.3599986732006073
0.2338910251855850
0.1347962021827698
0.1463362276554108
0.3817294836044312
0.5696421861648560
0.5157027244567871
0.6615316867828369
0.5262953639030457
0.3438656032085419
0.3338757455348969
0.2313935607671738
0.1164814606308937
0.0694028288125992
0.5202670097351074
0.6636559963226318
0.6489869356155396
0.6449967622756958
0.3877004384994507
0.1727748960256577
0.1664307862520218
0.0000000000000000
0.0000000000000000
0.0121046304702759
0.3266704082489014
0.3527072072029114
0.3038487732410431
0.2810558080673218
0.1561538577079773
0.0000000000000000
0.0000000000000000
0.0000000000000000
0.0937746465206146
0.2065337598323822
0.1391595900058746
0.0215778052806854
0.0000000000000000
0.0000000000000000
0.0000000000000000
0.0000000000000000
0.0127936154603958
0.0000000000000000
0.1155628785490990
0.2008211463689804
0.0000000000000000
0.0000000000000000
0.0000000000000000
0.0000000000000000
0.0000000000000000
0.0000000000000000
0.0000000000000000
0.0000000000000000
0.1332747638225555
0.1949076056480408
0.0429067462682724
0.0000000000000000
0.0000000000000000
0.0000000000000000
0.0000000000000000
0.0000000000000000
0.0398064404726028
0.0830671191215515
0.1885347664356232
0.3034755587577820
0.4803566932678223
0.0772225558757782
0.1215481534600258
0.3324273228645325
0.4813677668571472
0.4504514932632446
0.3939138054847717
0.2577176690101624
0.2429779469966888
0.3121269345283508
0.6569673418998718
0.4184977412223816
0.2598727643489838
0.2832062244415283
0.2452128380537033
0.2569993138313293
0.3926899433135986
0.2988505363464355
0.2994890809059143
0.3676004409790039
0.5865678787231445
0.4995396137237549
0.4131233692169189
0.4174600839614868
0.4118196964263916
0.3929027915000916
0.3725225925445557
0.3917853236198425
0.3440541625022888
0.3591929674148560
0.4594177603721619
0.4845338463783264
0.4212115406990051
0.4832301139831543
0.5008965134620667
0.4832567572593689
0.4414054751396179
0.5535231828689575
0.4661490917205811
0.3306181430816650
0.5299769043922424
0.5138270854949951
0.5542681813240051
0.4972515106201172
0.6115508675575256
0.4690757393836975
0.3915724754333496
0.4903339147567749
0.4686766266822815
0.3240996599197388
0.3277180492877960
0.1787510514259338
0.3030809164047241
0.1962844133377075
0.2144030928611755
0.1920540630817413
0.2641563117504120
0.4260006546974182
0.4847466945648193
0.3267070055007935
0.1538212299346924
0.0000000000000000
0.0000000000000000
0.0000000000000000
0.0000000000000000
0.0210572928190231
0.0376062206923962
0.0000000000000000
0.1703435778617859
0.2270941585302353
0.4208656549453735
0.0000000000000000
0.0000000000000000
0.0000000000000000
0.0000000000000000
0.0000000000000000
0.0000000000000000
0.0000000000000000
0.2161857038736343
0.3469541668891907
0.5502506494522095
0.0000000000000000
0.0000000000000000
0.0000000000000000
0.0000000000000000
0.0000000000000000
0.0000000000000000
0.0000000000000000
0.3190179169178009
0.4689161181449890
0.3266804218292236
0.0000000000000000
0.0000000000000000
0.0000000000000000
0.0000000000000000
0.0000000000000000
0.0000000000000000
0.0000000000000000
0.0314602367579937
0.2932633161544800
0.0000000000000000
0.0018029212951660
0.0031720101833344
0.0000000000000000
0.0000000000000000
0.0000000000000000
0.0135313868522644
0.1060355901718140
0.0769197940826416
0.0000000000000000
0.0000000000000000
0.0000000000000000
0.2348661422729492
0.1346037089824677
0.0000000000000000
0.0000000000000000
0.1342842876911163
0.1132917106151581
0.0311012566089630
0.0000000000000000
0.0000000000000000
0.0000000000000000
0.0898348093032837
0.0764178037643433
0.0000000000000000
0.0000000000000000
0.0572050511837006
0.2750257849693298
0.2822362780570984
0.0000000000000000
0.0000000000000000
0.0000000000000000
0.0000000000000000
0.0000000000000000
0.0000000000000000
0.0000000000000000
0.0730863809585571
0.1096864938735962
0.3214375972747803
0.2117742002010345
0.0000000000000000
0.0000000000000000
0.0000000000000000
0.0000000000000000
0.0000000000000000
0.1206847429275513
0.0000000000000000
0.0000000000000000
0.0000000000000000
0.1178552806377411
0.0000000000000000
0.0000000000000000
0.0000000000000000
0.0000000000000000
0.0000000000000000
0.0000000000000000
0.0000000000000000
0.0000000000000000
0.0000000000000000
0.0000000000000000
0.0000000000000000
0.0000000000000000
0.0000000000000000
0.0000000000000000
0.0000000000000000
0.0000000000000000
0.0000000000000000
0.0000000000000000
0.0000000000000000
0.0000000000000000
0.0000000000000000
0.0000000000000000
0.0000000000000000
0.0000000000000000
0.0000000000000000
0.0000000000000000
0.0000000000000000
0.0000000000000000
0.0000000000000000
0.0000000000000000
0.0613579154014587
0.0104281306266785
0.0000000000000000
0.0000000000000000
0.0645980834960938
0.0000000000000000
0.0000000000000000
0.0000000000000000
0.0000000000000000
0.0000000000000000
0.0184600949287415
0.1475187540054321
0.0000000000000000
0.0000000000000000
0.0000000000000000
0.0000000000000000
0.0000000000000000
0.0000000000000000
0.0000000000000000
0.0000000000000000
0.0977116897702217
0.2015681266784668
0.2476529479026794
0.1866090595722198
0.0605087950825691
0.0557951331138611
0.0000000000000000
0.0000000000000000
0.0000000000000000
0.1062819883227348
0.0000000000000000
0.0000000000000000
0.0000000000000000
0.0000000000000000
0.0000000000000000
0.0000000000000000
0.0000000000000000
0.0000000000000000
0.0000000000000000
0.0000000000000000
0.0000000000000000
0.0000000000000000
0.0000000000000000
0.0000000000000000
0.0000000000000000
0.0000000000000000
0.0000000000000000
0.0000000000000000
0.0000000000000000
0.0226436704397202
0.0000000000000000
0.0000000000000000
0.0000000000000000
0.0000000000000000
0.0000000000000000
0.0000000000000000
0.0000000000000000
0.0000000000000000
0.0000000000000000
0.0000000000000000
0.1150081232190132
0.0000000000000000
0.0000000000000000
0.0000000000000000
0.0000000000000000
0.0000000000000000
0.0000000000000000
0.0000000000000000
0.0000000000000000
0.0000000000000000
0.3497953414916992
0.2229938805103302
0.2105279862880707
0.1839600503444672
0.0454328656196594
0.1486659944057465
0.2642871141433716
0.0380312502384186
0.0000000000000000
0.0000000000000000
0.5808817744255066
0.7635460495948792
0.6882052421569824
0.6661173105239868
0.4139167368412018
0.4063982665538788
0.3703640401363373
0.1004775390028954
0.0000000000000000
0.0000000000000000
0.2427445352077484
0.3850893676280975
0.4648710787296295
0.2451597750186920
0.0437967181205750
0.0000000000000000
0.0184753835201263
0.0000000000000000
0.1594178378582001
0.0000000000000000
0.0000000000000000
0.0000000000000000
0.0000000000000000
0.0000000000000000
0.0000000000000000
0.0000000000000000
0.0000000000000000
0.0000000000000000
0.0000000000000000
0.0000000000000000
0.1182414516806602
0.0996594801545143
0.2372127771377563
0.0000000000000000
0.0000000000000000
0.0000000000000000
0.0000000000000000
0.0000000000000000
0.2527561485767365
0.0000000000000000
0.0477755367755890
0.0565012097358704
0.0164071246981621
0.0156292542815208
0.0524934828281403
0.0689132958650589
0.0000000000000000
0.0000000000000000
0.0000000000000000
0.0000000000000000
0.0213110819458961
0.0034877359867096
0.0145300850272179
0.0207361280918121
0.0308822542428970
0.1010426580905914
0.0088144466280937
0.0000000000000000
0.0000000000000000
0.0000000000000000
0.0000000000000000
0.0000000000000000
0.0000000000000000
0.0000000000000000
0.0000000000000000
0.0000000000000000
0.0000000000000000
0.0000000000000000
0.0000000000000000
0.0000000000000000
0.0000000000000000
0.0000000000000000
0.0000000000000000
0.0000000000000000
0.0000000000000000
0.0000000000000000
0.0000000000000000
0.0000000000000000
0.0000000000000000
0.0000000000000000
0.0000000000000000
0.0000000000000000
0.0000000000000000
0.0000000000000000
0.0000000000000000
0.0000000000000000
0.0000000000000000
0.0000000000000000
0.0000000000000000
0.0000000000000000
0.0000000000000000
0.0000000000000000
0.0000000000000000
0.0000000000000000
0.0000000000000000
0.0000000000000000
0.0000000000000000
0.0000000000000000
0.0000000000000000
0.0000000000000000
0.0000000000000000
0.0000000000000000
0.0000000000000000
0.0000000000000000
0.0000000000000000
0.0573129057884216
0.2491422146558762
0.2547563910484314
0.1785928457975388
0.1346263289451599
0.0461521595716476
0.2008466869592667
0.3748188614845276
0.4250928759574890
0.7330445647239685
0.9095870852470398
1.0601215362548828
0.8628302812576294
0.5493659377098083
0.3756643533706665
0.1715243905782700
0.4142364859580994
0.6812147498130798
0.8341336846351624
1.0898158550262451
1.1574059724807739
1.2364273071289062
0.8884323835372925
0.6150789856910706
0.3844575881958008
0.1664682179689407
0.3972079157829285
0.5567049384117126
0.5999950170516968
0.5969004631042480
0.5747312307357788
0.5558087229728699
0.4086899757385254
0.2747104167938232
0.1735028773546219
0.3649620711803436
0.0000000000000000
0.1313635855913162
0.1305201053619385
0.0713168978691101
0.0171973686665297
0.0804356038570404
0.1441069841384888
0.0056166062131524
0.2184928506612778
0.5105651021003723
0.0000000000000000
0.1254136264324188
0.1092051267623901
0.0444167107343674
0.0484973341226578
0.0854736939072609
0.1697761416435242
0.0400853268802166
0.3067619204521179
0.3634346723556519
0.0000000000000000
0.0000000000000000
0.0000000000000000
0.0000000000000000
0.0000000000000000
0.0000000000000000
0.0000000000000000
0.0000000000000000
0.2213652282953262
0.1375643014907837
0.0000000000000000
0.0000000000000000
0.0000000000000000
0.0000000000000000
0.0000000000000000
0.0000000000000000
0.0000000000000000
0.0000000000000000
0.0000000000000000
0.0660964399576187
0.0000000000000000
0.0000000000000000
0.0000000000000000
0.0000000000000000
0.0000000000000000
0.0000000000000000
0.0872746407985687
0.0150544736534357
0.0000000000000000
0.0770160928368568
0.0000000000000000
0.0000000000000000
0.0000000000000000
0.0000000000000000
0.0251534413546324
0.4677754938602448
0.5637499094009399
0.4551004767417908
0.1554825752973557
0.2678706347942352
0.2120413482189178
0.2064105421304703
0.2341770231723785
0.2930838763713837
0.3074002265930176
0.4754807949066162
0.5435748100280762
0.4738850295543671
0.3489359319210052
0.4537099003791809
0.5327918529510498
0.4411260485649109
0.4354724884033203
0.5525110960006714
0.6238421201705933
0.7426362037658691
0.6936458349227905
0.3498022258281708
0.2975520491600037
0.5809614658355713
0.6606361865997314
0.6924604177474976
0.6930075883865356
0.6343971490859985
0.5008536577224731
0.3932528495788574
0.3616565465927124
0.2370950132608414
0.4118322134017944
0.3423704802989960
0.2271100133657455
0.1799435019493103
0.1235442981123924
0.1670633107423782
0.2500207722187042
0.2641091942787170
0.1669721454381943
0.0314225517213345
0.2790638506412506
0.3820569813251495
0.4492225944995880
0.4507851302623749
0.3378170132637024
0.2601529657840729
0.2144725173711777
0.2278031110763550
0.1169346868991852
0.1838805377483368
0.4010274112224579
0.3608159422874451
0.3990009725093842
0.4383335113525391
0.3595219254493713
0.2136179953813553
0.1653740108013153
0.1743831336498260
0.0521129071712494
0.1358562707901001
0.3431639075279236
0.4572062790393829
0.4683395028114319
0.5090637207031250
0.4234647750854492
0.3673591315746307
0.2976787984371185
0.2435263693332672
0.1682549715042114
0.2513880133628845
0.3797131180763245
0.5398753881454468
0.3503663241863251
0.3882583677768707
0.4330110549926758
0.3280754387378693
0.2328569889068604
0.2548304796218872
0.3098862767219543
0.3736338019371033
0.3644781708717346
0.5431714057922363
0.3429197669029236
0.3944597840309143
0.4728074669837952
0.3095445036888123
0.2318560034036636
0.2652801275253296
0.2971172332763672
0.3072006106376648
0.3115709125995636
0.5946626663208008
0.2579800188541412
0.2962383031845093
0.4045920073986053
0.2702607810497284
0.3107896447181702
0.1843932569026947
0.2560268342494965
0.3211171627044678
0.3555911183357239
0.5992038249969482
0.4566447436809540
0.5381175279617310
0.6678343415260315
0.5620686411857605
0.5143861770629883
0.3730966746807098
0.4420934021472931
0.3559085130691528
0.3279045224189758
0.6373644471168518
0.5500076413154602
0.6634396314620972
0.6042088866233826
0.4137964248657227
0.1720393002033234
0.1089021563529968
0.3152819871902466
0.3113756179809570
0.3581302762031555
0.5428540706634521
0.4487098753452301
0.5075500011444092
0.2504357993602753
0.1541186869144440
0.0067010521888733
0.2443564534187317
0.2946513295173645
0.3127184212207794
0.3330560922622681
0.5967622995376587
0.6843633055686951
0.9737296104431152
0.8911337852478027
0.8026050329208374
0.6146340966224670
0.6159769296646118
0.5918304920196533
0.6825077533721924
0.6563348770141602
0.0000000000000000
0.0000000000000000
0.0000000000000000
0.0000000000000000
0.0112999528646469
0.0000000000000000
0.0039865523576736
0.0000000000000000
0.1572993397712708
0.0229153633117676
0.0000000000000000
0.0000000000000000
0.0000000000000000
0.0000000000000000
0.2823802232742310
0.1275617182254791
0.1100848019123077
0.0142038166522980
0.1920918524265289
0.0000000000000000
0.1315410733222961
0.0822830796241760
0.0779272913932800
0.1978995203971863
0.4925332665443420
0.3072243332862854
0.1786480545997620
0.0000000000000000
0.0000000000000000
0.0000000000000000
0.3887473344802856
0.2773791551589966
0.2115046679973602
0.1504161357879639
0.2238729298114777
0.2755507826805115
0.0988996028900146
0.0000000000000000
0.0000000000000000
0.0000000000000000
0.5431357026100159
0.5284550189971924
0.2825953364372253
0.1712270677089691
0.0000000000000000
0.0000000000000000
0.0000000000000000
0.0000000000000000
0.0000000000000000
0.0000000000000000
0.2608163952827454
0.1724638938903809
0.0000000000000000
0.0000000000000000
0.0000000000000000
0.0000000000000000
0.0000000000000000
0.0000000000000000
0.0000000000000000
0.0000000000000000
0.0000000000000000
0.0000000000000000
0.0000000000000000
0.0000000000000000
0.0000000000000000
0.0000000000000000
0.0000000000000000
0.0000000000000000
0.0000000000000000
0.0301750153303146
0.0000000000000000
0.0000000000000000
0.0000000000000000
0.0000000000000000
0.0000000000000000
0.0000000000000000
0.0000000000000000
0.0000000000000000
0.2808745205402374
0.1796697974205017
0.0000000000000000
0.0160859376192093
0.0000000000000000
0.0000000000000000
0.0000000000000000
0.0000000000000000
0.0352298617362976
0.0000000000000000
0.1141717135906219
0.0813151597976685
0.0000000000000000
0.0500180125236511
0.0000000000000000
0.0000000000000000
0.0000000000000000
0.0000000000000000
0.0201190561056137
0.0000000000000000
0.0000000000000000
0.0000000000000000
0.1587547063827515
0.0000000000000000
0.1388469338417053
0.2281866967678070
0.2022477388381958
0.2520661652088165
0.1214399114251137
0.1000611409544945
0.1232541725039482
0.0000000000000000
0.0000000000000000
0.0000000000000000
0.0000000000000000
0.0000000000000000
0.0000000000000000
0.0000000000000000
0.0000000000000000
0.0000000000000000
0.0398475602269173
0.0000000000000000
0.0000000000000000
0.0000000000000000
0.0000000000000000
0.0000000000000000
0.0000000000000000
0.0000000000000000
0.0000000000000000
0.0000000000000000
0.0000000000000000
0.0000000000000000
0.0000000000000000
0.0000000000000000
0.0000000000000000
0.0000000000000000
0.0000000000000000
0.0000000000000000
0.0000000000000000
0.0000000000000000
0.0000000000000000
0.0487717315554619
0.0000000000000000
0.0000000000000000
0.0000000000000000
0.0000000000000000
0.0000000000000000
0.0000000000000000
0.0000000000000000
0.0000000000000000
0.3586167693138123
0.2113190293312073
0.0000000000000000
0.0000000000000000
0.0000000000000000
0.0000000000000000
0.0000000000000000
0.2200961112976074
0.0000000000000000
0.0000000000000000
0.1520370543003082
0.2220084071159363
0.0000000000000000
0.0000000000000000
0.2808490693569183
0.4602149724960327
0.3940192162990570
0.5000795125961304
0.0000000000000000
0.0000000000000000
0.0974133238196373
0.0912840887904167
0.0429366752505302
0.0000000000000000
0.0000000000000000
0.0962855294346809
0.0000000000000000
0.0000000000000000
0.0000000000000000
0.0000000000000000
0.0000000000000000
0.0000000000000000
0.0000000000000000
0.0000000000000000
0.0000000000000000
0.0000000000000000
0.0000000000000000
0.0000000000000000
0.0000000000000000
0.0000000000000000
0.0000000000000000
0.0000000000000000
0.0000000000000000
0.0000000000000000
0.0000000000000000
0.0315117910504341
0.2424064874649048
0.1661098003387451
0.0939319059252739
0.0000000000000000
0.0000000000000000
0.0000000000000000
0.4144760072231293
0.2232760041952133
0.0768314599990845
0.0444426462054253
0.0744759067893028
0.1194904744625092
0.1513139605522156
0.1313859969377518
0.1070296168327332
0.2436279654502869
0.3238344490528107
0.2225693464279175
0.0733688026666641
0.0000000000000000
0.0000000000000000
0.0000000000000000
0.0267995744943619
0.2219333350658417
0.2111213803291321
0.3344344198703766
0.1740214526653290
0.1564019471406937
0.0000000000000000
0.0000000000000000
0.0000000000000000
0.0000000000000000
0.0000000000000000
0.0459973067045212
0.0447488576173782
0.1207624673843384
0.0000000000000000
0.0000000000000000
0.0000000000000000
0.0000000000000000
0.0000000000000000
0.0000000000000000
0.0000000000000000
0.0000000000000000
0.0000000000000000
0.0000000000000000
0.0000000000000000
0.0000000000000000
0.0000000000000000
0.0000000000000000
0.0000000000000000
0.0000000000000000
0.0000000000000000
0.0000000000000000
0.0000000000000000
0.0007236301898956
0.0000000000000000
0.0430764183402061
0.0000000000000000
0.0000000000000000
0.0000000000000000
0.0000000000000000
0.0526870787143707
0.0079080611467361
0.0386008769273758
0.0000000000000000
0.1602414846420288
0.2930003106594086
0.0920483171939850
0.0659252628684044
0.0358448848128319
0.0585052818059921
0.3224682211875916
0.0585523918271065
0.1248846799135208
0.0900460928678513
0.1650703698396683
0.3668938875198364
0.4371599555015564
0.3786245286464691
0.1704174578189850
0.1394890993833542
0.3166735768318176
0.0000000000000000
0.1911934167146683
0.1508428454399109
0.0858767703175545
0.2558296918869019
0.3140824437141418
0.2131707072257996
0.1501832902431488
0.3506405949592590
0.3761983215808868
0.0000000000000000
0.3463770747184753
0.3482143878936768
0.0000000000000000
0.0000000000000000
0.0093920528888702
0.0000000000000000
0.0000000000000000
0.1814649999141693
0.3496983945369720
0.0939798653125763
0.2743678689002991
0.2711172103881836
0.0846908017992973
0.1049263402819633
0.1214455738663673
0.1088956370949745
0.1378869712352753
0.1395408511161804
0.1094793602824211
0.0575868263840675
0.0000000000000000
0.0064920410513878
0.0724716410040855
0.0964624509215355
0.1303764581680298
0.1710421741008759
0.2325271368026733
0.2492992877960205
0.1522853374481201
0.1481603980064392
0.0201899558305740
0.0565944984555244
0.0000000000000000
0.0000000000000000
0.0000000000000000
0.0000000000000000
0.0000000000000000
0.0000000000000000
0.0000000000000000
0.0000000000000000
0.0000000000000000
0.0128156468272209
0.0000000000000000
0.0000000000000000
0.0000000000000000
0.0000000000000000
0.0000000000000000
0.0000000000000000
0.0000000000000000
0.0000000000000000
0.0000000000000000
0.0000000000000000
0.0000000000000000
0.0000000000000000
0.0000000000000000
0.0000000000000000
0.0000000000000000
0.0000000000000000
0.0000000000000000
0.0000000000000000
0.0000000000000000
0.0000000000000000
0.0000000000000000
0.0000000000000000
0.0000000000000000
0.0000000000000000
0.0000000000000000
0.0000000000000000
0.0000000000000000
0.0000000000000000
0.0000000000000000
0.0000000000000000
0.0000000000000000
0.0000000000000000
0.0000000000000000
0.0000000000000000
0.0000000000000000
0.0000000000000000
0.2071937322616577
0.2410494089126587
0.1920560002326965
0.1189744994044304
0.1038172915577888
0.2648456394672394
0.3677162230014801
0.4467711150646210
0.6564426422119141
0.8136962652206421
0.9708915352821350
0.7990645170211792
0.5516068935394287
0.3372072577476501
0.2225261032581329
0.4771244227886200
0.6525317430496216
0.7947643995285034
0.9799975752830505
1.0548690557479858
1.0779843330383301
0.8315386176109314
0.6344364881515503
0.3825621306896210
0.1875808238983154
0.4394940435886383
0.5022243261337280
0.5408665537834167
0.4686410725116730
0.4846738278865814
0.4493005573749542
0.3458851575851440
0.2700601816177368
0.1370697617530823
0.4135810732841492
0.4250177741050720
0.4272059202194214
0.5239364504814148
0.6107473373413086
0.5872175097465515
0.5751973390579224
0.4280811548233032
0.4243467450141907
0.3205849528312683
0.2515709102153778
0.2813004851341248
0.2545467913150787
0.3001477122306824
0.4233109951019287
0.4075855612754822
0.4475410580635071
0.3522838950157166
0.4032530188560486
0.2980033159255981
0.3649167418479919
0.4721357822418213
0.4795171022415161
0.5112451910972595
0.5471745133399963
0.4992687702178955
0.4921500086784363
0.4521069526672363
0.4427125453948975
0.4195328354835510
0.5223171710968018
0.5561605095863342
0.5505588650703430
0.4993125200271606
0.5026968717575073
0.4635874032974243
0.4292773604393005
0.3776517510414124
0.3983516097068787
0.4816468954086304
0.4803923964500427
0.3777830302715302
0.3794168233871460
0.2589668333530426
0.2236210256814957
0.0789847522974014
0.0483798980712891
0.1509892493486404
0.2457504421472549
0.4314800500869751
0.4105760455131531
0.1252566576004028
0.1018143892288208
0.0000000000000000
0.0396856665611267
0.0128736346960068
0.0869787782430649
0.1347824186086655
0.2300541698932648
0.3588774800300598
0.3229919075965881
0.0474025309085846
0.0207217782735825
0.0000000000000000
0.0000000000000000
0.0000000000000000
0.0000000000000000
0.0366952121257782
0.1597709953784943
0.2984409332275391
0.3414306640625000
0.0630550533533096
0.0000000000000000
0.0000000000000000
0.0000000000000000
0.0000000000000000
0.0000000000000000
0.0000000000000000
0.0000000000000000
0.0652869641780853
0.3177841305732727
0.1677212566137314
0.0237559825181961
0.0000000000000000
0.0000000000000000
0.0000000000000000
0.0000000000000000
0.0000000000000000
0.0000000000000000
0.0467606931924820
0.2050363868474960
0.0000000000000000
0.0000000000000000
0.0000000000000000
0.0000000000000000
0.0000000000000000
0.0000000000000000
0.0000000000000000
0.0050984323024750
0.1274739801883698
0.1148003190755844
0.2144528925418854
0.4482633173465729
0.1466715931892395
0.1619926244020462
0.1471105962991714
0.1380233168601990
0.3598051965236664
0.6535388231277466
0.5542374849319458
0.6777276396751404
0.6386129260063171
0.8982364535331726
0.7925696372985840
0.8064858913421631
0.6350570321083069
0.5201273560523987
0.4361470043659210
0.4582285583019257
0.6055563092231750
0.4954556524753571
0.4895291626453400
0.9085090160369873
1.0500419139862061
0.8112269639968872
0.6330376267433167
0.5624906420707703
0.4142409563064575
0.3887352049350739
0.5197321772575378
0.1507981717586517
0.2308714538812637
0.4612138271331787
0.8059151172637939
0.7780387997627258
0.6691233515739441
0.5643783211708069
0.4437856078147888
0.5498914122581482
0.4617844820022583
0.1658558100461960
0.0962745994329453
0.0990841984748840
0.2570796608924866
0.4731106758117676
0.4414588809013367
0.1537394523620605
0.0000000000000000
0.1821426451206207
0.3212172687053680
0.0887238383293152
0.0371854417026043
0.0000000000000000
0.0000000000000000
0.0000000000000000
0.0000000000000000
0.0000000000000000
0.0000000000000000
0.0000000000000000
0.0057970788329840
0.0000000000000000
0.0000000000000000
0.0000000000000000
0.0000000000000000
0.0000000000000000
0.0000000000000000
0.0000000000000000
0.0000000000000000
0.0000000000000000
0.0000000000000000
0.0000000000000000
0.0000000000000000
0.0000000000000000
0.0000000000000000
0.0000000000000000
0.0000000000000000
0.0000000000000000
0.0000000000000000
0.0000000000000000
0.0000000000000000
0.0542185865342617
0.0000000000000000
0.0000000000000000
0.0000000000000000
0.0000000000000000
0.0000000000000000
0.0000000000000000
0.0000000000000000
0.0000000000000000
0.0781878978013992
0.3677510619163513
0.1067227572202682
0.0000000000000000
0.0000000000000000
0.0000000000000000
0.0000000000000000
0.0000000000000000
0.0000000000000000
0.0793292820453644
0.1855229288339615
0.2186413705348969
0.3938062787055969
0.1789020597934723
0.0470945313572884
0.1843731701374054
0.2882661223411560
0.3207988142967224
0.3269465267658234
0.2487032413482666
0.0579779967665672
0.0000000000000000
0.0000000000000000
0.0000000000000000
0.0000000000000000
0.0000000000000000
0.0000000000000000
0.0000000000000000
0.0000000000000000
0.0000000000000000
0.0000000000000000
0.0000000000000000
0.0000000000000000
0.0000000000000000
0.0000000000000000
0.0000000000000000
0.0000000000000000
0.0000000000000000
0.0000000000000000
0.0445060208439827
0.0759209766983986
0.0066786408424377
0.0000000000000000
0.0000000000000000
0.0000000000000000
0.0000000000000000
0.0000000000000000
0.0000000000000000
0.0000000000000000
0.0000000000000000
0.2065519094467163
0.0000000000000000
0.0000000000000000
0.0843630060553551
0.1311913132667542
0.1572233736515045
0.1839613914489746
0.0125910118222237
0.0684202089905739
0.0730677470564842
0.2277599871158600
0.0000000000000000
0.0000000000000000
0.0646257176995277
0.2026691734790802
0.1962861716747284
0.2366137802600861
0.0000000000000000
0.0000000000000000
0.0000000000000000
0.2627047002315521
0.0000000000000000
0.0000000000000000
0.0000000000000000
0.0000000000000000
0.0000000000000000
0.0000000000000000
0.0000000000000000
0.0000000000000000
0.0000000000000000
0.0387407168745995
0.0000000000000000
0.0000000000000000
0.0000000000000000
0.0000000000000000
0.0000000000000000
0.0000000000000000
0.0000000000000000
0.0000000000000000
0.0000000000000000
0.0000000000000000
0.0000000000000000
0.0000000000000000
0.0000000000000000
0.0000000000000000
0.0000000000000000
0.0000000000000000
0.0000000000000000
0.0000000000000000
0.0000000000000000
0.0000000000000000
0.0000000000000000
0.0000000000000000
0.0000000000000000
0.0000000000000000
0.0000000000000000
0.0000000000000000
0.0000000000000000
0.0000000000000000
0.0000000000000000
0.0000000000000000
0.0926158577203751
0.2463141381740570
0.0000000000000000
0.0039821863174438
0.0000000000000000
0.0000000000000000
0.0000000000000000
0.0000000000000000
0.0000000000000000
0.0000000000000000
0.0000000000000000
0.0762872844934464
0.0000000000000000
0.0922163724899292
0.1283189654350281
0.0566131025552750
0.0000000000000000
0.0000000000000000
0.0000000000000000
0.0000000000000000
0.0000000000000000
0.0000000000000000
0.0000000000000000
0.0000000000000000
0.0443292111158371
0.0340427309274673
0.0000000000000000
0.0000000000000000
0.0000000000000000
0.0000000000000000
0.0427313148975372
0.0000000000000000
0.0000000000000000
0.0000000000000000
0.0525684058666229
0.0426314622163773
0.0000000000000000
0.0000000000000000
0.0000000000000000
0.0000000000000000
0.1605266928672791
0.1262716650962830
0.0817301273345947
0.1076960563659668
0.0691965818405151
0.0434803366661072
0.0000000000000000
0.0000000000000000
0.0000000000000000
0.0000000000000000
0.3064851462841034
0.2272891104221344
0.2501091659069061
0.2400223910808563
0.0638036578893661
0.0000000000000000
0.0000000000000000
0.0000000000000000
0.0000000000000000
0.0000000000000000
0.1276199221611023
0.1458959281444550
0.0976093113422394
0.1230758726596832
0.0000000000000000
0.0000000000000000
0.0000000000000000
0.0000000000000000
0.0000000000000000
0.0000000000000000
0.0000000000000000
0.0000000000000000
0.0000000000000000
0.0000000000000000
0.0000000000000000
0.0000000000000000
0.0614567250013351
0.0000000000000000
0.0000000000000000
0.0000000000000000
0.0000000000000000
0.0000000000000000
0.0000000000000000
0.0000000000000000
0.0000000000000000
0.1909867227077484
0.1013044267892838
0.0000000000000000
0.0000000000000000
0.0000000000000000
0.0000000000000000
0.0000000000000000
0.0000000000000000
0.0000000000000000
0.0000000000000000
0.0000000000000000
0.0000000000000000
0.0000000000000000
0.0000000000000000
0.0000000000000000
