0.0890369489789009
0.0000000000000000
0.0000000000000000
0.0000000000000000
0.0000000000000000
0.0000000000000000
0.0000000000000000
0.0000000000000000
0.0000000000000000
0.0118522346019745
0.0698746666312218
0.0000000000000000
0.0000000000000000
0.0000000000000000
0.0000000000000000
0.0000000000000000
0.0000000000000000
0.0000000000000000
0.0000000000000000
0.0000000000000000
0.0000000000000000
0.0000000000000000
0.0000000000000000
0.0000000000000000
0.0000000000000000
0.0000000000000000
0.0000000000000000
0.0000000000000000
0.0000000000000000
0.0000000000000000
0.0000000000000000
0.0000000000000000
0.0000000000000000
0.0000000000000000
0.0000000000000000
0.0000000000000000
0.0000000000000000
0.0000000000000000
0.0000000000000000
0.0000000000000000
0.0000000000000000
0.0000000000000000
0.0000000000000000
0.0000000000000000
0.0000000000000000
0.0000000000000000
0.0000000000000000
0.0499387718737125
0.0000000000000000
0.0986776277422905
0.2197213470935822
0.0000000000000000
0.0101264417171478
0.0000000000000000
0.0084601566195488
0.0000000000000000
0.0284555889666080
0.2850040495395660
0.2858372032642365
0.4771029651165009
0.5019187331199646
0.2469770312309265
0.3148781657218933
0.1837771832942963
0.3179132044315338
0.3599273860454559
0.3271967768669128
0.1788973510265350
0.1508085429668427
0.4442533552646637
0.7653703689575195
0.6985403895378113
0.9323560595512390
0.8017310500144958
0.8348187804222107
0.5669633746147156
0.3426099121570587
0.0000000000000000
0.0000000000000000
0.2950612604618073
0.4190210103988647
0.1666382700204849
0.1691377013921738
0.0000000000000000
0.0000000000000000
0.0000000000000000
0.0000000000000000
0.0000000000000000
0.0000000000000000
0.2272791862487793
0.2860752344131470
0.0000000000000000
0.0000000000000000
0.0000000000000000
0.0000000000000000
0.0000000000000000
0.0000000000000000
0.0000000000000000
0.0842761471867561
0.3079154789447784
0.0227412413805723
0.0000000000000000
0.0000000000000000
0.0000000000000000
0.0000000000000000
0.0000000000000000
0.0017421301454306
0.0000000000000000
0.0316520594060421
0.2855755090713501
0.0000000000000000
0.0000000000000000
0.0000000000000000
0.0000000000000000
0.0000000000000000
0.0081662014126778
0.2109043151140213
0.0822847783565521
0.0925080105662346
0.4015541374683380
0.0000000000000000
0.0000000000000000
0.0000000000000000
0.0000000000000000
0.0000000000000000
0.0000000000000000
0.0000000000000000
0.0000000000000000
0.0000000000000000
0.1704948395490646
0.0000000000000000
0.0000000000000000
0.0000000000000000
0.0000000000000000
0.0000000000000000
0.0226030815392733
0.1567487120628357
0.1879710555076599
0.0000000000000000
0.4531539082527161
0.0000000000000000
0.0000000000000000
0.0000000000000000
0.0000000000000000
0.0480230450630188
0.3047095537185669
0.3708844184875488
0.2411596179008484
0.0000000000000000
0.6041541099548340
0.0000000000000000
0.0000000000000000
0.0000000000000000
0.1185496598482132
0.3066436648368835
0.5048227310180664
0.5989043712615967
0.2117332369089127
0.0000000000000000
0.5794248580932617
0.0000000000000000
0.0606639795005322
0.0722687467932701
0.3274355530738831
0.4963264167308807
0.4613048732280731
0.6592767238616943
0.2162922471761703
0.0000000000000000
0.3194918334484100
0.0000000000000000
0.1537784337997437
0.3231528103351593
0.6382086277008057
0.7195110321044922
0.6478792428970337
0.6871143579483032
0.1850698739290237
0.0597659721970558
0.2417122125625610
0.2861281037330627
0.3321327269077301
0.2768719196319580
0.2645072937011719
0.3793807327747345
0.6854566335678101
0.7912119626998901
0.4970171749591827
0.3368299007415771
0.3331688642501831
0.5425382852554321
0.5880594253540039
0.5140099525451660
0.4559169411659241
0.4644132852554321
0.6857328414916992
0.7271784543991089
0.6235644817352295
0.4642751514911652
0.3011175692081451
0.0000000000000000
0.0000000000000000
0.0000000000000000
0.0000000000000000
0.0000000000000000
0.0000000000000000
0.0000000000000000
0.0000000000000000
0.0000000000000000
0.0510107576847076
0.0000000000000000
0.0000000000000000
0.0000000000000000
0.0000000000000000
0.0000000000000000
0.0000000000000000
0.0000000000000000
0.0000000000000000
0.0000000000000000
0.0000000000000000
0.2211142033338547
0.0000000000000000
0.0000000000000000
0.0000000000000000
0.0000000000000000
0.0000000000000000
0.0628874599933624
0.0000000000000000
0.0000000000000000
0.0000000000000000
0.3455044627189636
0.1071463376283646
0.0000000000000000
0.0028737634420395
0.0102906301617622
0.0230399072170258
0.2434133440256119
0.2535933852195740
0.0254637300968170
0.0000000000000000
0.3877274394035339
0.2434133440256119
0.1674993783235550
0.1416614800691605
0.2719174027442932
0.2817581295967102
0.3835583925247192
0.4196733236312866
0.1509689539670944
0.0000000000000000
0.5375677943229675
0.3881151676177979
0.4785235524177551
0.2592166066169739
0.3200058937072754
0.2157818228006363
0.1345839649438858
0.1776309460401535
0.0000000000000000
0.0000000000000000
0.4308228492736816
0.1551863700151443
0.2727899551391602
0.0040856599807739
0.0000000000000000
0.0000000000000000
0.0000000000000000
0.0000000000000000
0.0000000000000000
0.0000000000000000
0.2540780901908875
0.0000000000000000
0.0000000000000000
0.0000000000000000
0.0000000000000000
0.0000000000000000
0.0000000000000000
0.0000000000000000
0.0000000000000000
0.0000000000000000
0.0000000000000000
0.0000000000000000
0.0000000000000000
0.0000000000000000
0.0000000000000000
0.0000000000000000
0.0000000000000000
0.0000000000000000
0.0000000000000000
0.0000000000000000
0.0232338160276413
0.0000000000000000
0.0000000000000000
0.0000000000000000
0.0000000000000000
0.0000000000000000
0.0000000000000000
0.0000000000000000
0.0000000000000000
0.0000000000000000
0.0000000000000000
0.0000000000000000
0.0000000000000000
0.0000000000000000
0.0000000000000000
0.0000000000000000
0.0000000000000000
0.0000000000000000
0.0000000000000000
0.0000000000000000
0.0000000000000000
0.0000000000000000
0.0000000000000000
0.0000000000000000
0.0000000000000000
0.0000000000000000
0.0000000000000000
0.0000000000000000
0.0000000000000000
0.0000000000000000
0.0000000000000000
0.0000000000000000
0.0000000000000000
0.0000000000000000
0.0000000000000000
0.0000000000000000
0.0000000000000000
0.0000000000000000
0.0000000000000000
0.0000000000000000
0.0000000000000000
0.0000000000000000
0.0000000000000000
0.0000000000000000
0.0000000000000000
0.0000000000000000
0.0000000000000000
0.0000000000000000
0.0000000000000000
0.0066566150635481
0.0000000000000000
0.0000000000000000
0.0000000000000000
0.0000000000000000
0.0000000000000000
0.0000000000000000
0.0000000000000000
0.0000000000000000
0.0000000000000000
0.0837552025914192
0.0000000000000000
0.0778838545084000
0.0000000000000000
0.0067752394825220
0.0000000000000000
0.0000000000000000
0.1575326621532440
0.0080206710845232
0.0581347420811653
0.0909906327724457
0.0075462181121111
0.1890837550163269
0.2329113483428955
0.3597681820392609
0.4088147282600403
0.3520583510398865
0.5260046124458313
0.1605572849512100
0.1082488521933556
0.0817387923598289
0.1753839403390884
0.4642664492130280
0.6271223425865173
0.7851151823997498
0.9189702272415161
0.8878342509269714
0.8504710793495178
0.3457718193531036
0.1510089337825775
0.0593802034854889
0.2060454636812210
0.3949370086193085
0.5719079375267029
0.6794900894165039
0.7377291917800903
0.7753296494483948
0.7037465572357178
0.3238877058029175
0.1848729997873306
0.1285910159349442
0.1886093169450760
0.3710364699363708
0.4407217204570770
0.5258266925811768
0.5993075966835022
0.5778979063034058
0.4561414718627930
0.2091886997222900
0.2011823356151581
0.1479842960834503
0.1283171921968460
0.1948129981756210
0.1590452045202255
0.1432897597551346
0.1427515298128128
0.1173569113016129
0.1466170102357864
0.1261642873287201
0.0000000000000000
0.1630574762821198
0.2294553965330124
0.1385435611009598
0.1241092383861542
0.1320848166942596
0.1379074752330780
0.0808062255382538
0.0991060286760330
0.0836441665887833
0.0000000000000000
0.2546053826808929
0.3447832763195038
0.2687951028347015
0.2086112350225449
0.2390945851802826
0.2861162722110748
0.2172718495130539
0.2181036621332169
0.1680483222007751
0.1433876305818558
0.3816764056682587
0.4611876010894775
0.4349611401557922
0.3730158507823944
0.4177867472171783
0.4059456884860992
0.3535417318344116
0.3137127757072449
0.2048925608396530
0.2095409184694290
0.3965021967887878
0.4543374180793762
0.2545075416564941
0.1766110509634018
0.2571986913681030
0.2590580284595490
0.1728434562683105
0.1281214803457260
0.0037904996424913
0.1836569756269455
0.3332847356796265
0.2683057785034180
0.0000000000000000
0.0000000000000000
0.0073134563863277
0.0214542113244534
0.0000000000000000
0.0011972142383456
0.0000000000000000
0.0000000000000000
0.1579687595367432
0.1029225736856461
0.0000000000000000
0.0000000000000000
0.0000000000000000
0.0000000000000000
0.0000000000000000
0.0000000000000000
0.0000000000000000
0.0000000000000000
0.1568922996520996
0.0000000000000000
0.0000000000000000
0.0000000000000000
0.0000000000000000
0.0000000000000000
0.0000000000000000
0.0000000000000000
0.0000000000000000
0.0000000000000000
0.1523907482624054
0.0721945613622665
0.0000000000000000
0.0000000000000000
0.0000000000000000
0.0000000000000000
0.0000000000000000
0.0000000000000000
0.0000000000000000
0.0000000000000000
0.1891860663890839
0.0599620752036572
0.0000000000000000
0.0000000000000000
0.0007079141214490
0.0000000000000000
0.0000000000000000
0.0000000000000000
0.0000000000000000
0.0000000000000000
0.1004760712385178
0.0312101542949677
0.4365836083889008
0.5138422250747681
0.4761228263378143
0.4449657201766968
0.5001110434532166
0.4319514334201813
0.4575940072536469
0.4853872358798981
0.5443927645683289
0.0000000000000000
0.3742693662643433
0.3841403722763062
0.3249142765998840
0.4922803938388824
0.5897773504257202
0.5442824363708496
0.5886745452880859
0.6020748615264893
0.5834908485412598
0.0000000000000000
0.3321382999420166
0.4264920055866241
0.3604278862476349
0.5936927795410156
0.7365742921829224
0.7062994241714478
0.6621280908584595
0.5633076429367065
0.6513196229934692
0.0000000000000000
0.2528944611549377
0.3706849217414856
0.3341235518455505
0.5147796869277954
0.6551797389984131
0.6621280908584595
0.4642114043235779
0.2822317779064178
0.3276715576648712
0.0000000000000000
0.1544048488140106
0.2192006260156631
0.2377846240997314
0.2590707242488861
0.3235907852649689
0.2626000344753265
0.2044216841459274
0.0791865959763527
0.1651030480861664
0.0000000000000000
0.0000000000000000
0.0000000000000000
0.0000000000000000
0.0000000000000000
0.0000000000000000
0.0000000000000000
0.0000000000000000
0.0000000000000000
0.0000000000000000
0.0000000000000000
0.0000000000000000
0.0000000000000000
0.0000000000000000
0.0000000000000000
0.0000000000000000
0.0000000000000000
0.0000000000000000
0.0000000000000000
0.0000000000000000
0.1379163861274719
0.0000000000000000
0.0000000000000000
0.0000000000000000
0.0000000000000000
0.0000000000000000
0.0000000000000000
0.0000000000000000
0.0000000000000000
0.0737823471426964
0.2856507897377014
0.3205026388168335
0.0846459865570068
0.0012110620737076
0.1099025458097458
0.1235234513878822
0.1792754083871841
0.0000000000000000
0.0335813909769058
0.1628972291946411
0.5902737379074097
0.7967379093170166
0.7663527727127075
0.7568678855895996
0.7936497926712036
0.7825102806091309
0.7474931478500366
0.5989315509796143
0.5554770231246948
0.4544506669044495
0.0421210192143917
0.3480688333511353
0.2875491380691528
0.2767570018768311
0.2894098758697510
0.3952379524707794
0.4505011439323425
0.3937493562698364
0.3157389760017395
0.4596186280250549
0.0000000000000000
0.1937226802110672
0.1101766228675842
0.1379943042993546
0.2468925714492798
0.4069604277610779
0.4204971492290497
0.4311497211456299
0.3520693778991699
0.5683772563934326
0.0000000000000000
0.3147155344486237
0.2645693123340607
0.2749893367290497
0.3748631477355957
0.4731553494930267
0.3890976309776306
0.3787705898284912
0.3839806020259857
0.6165697574615479
0.0000000000000000
0.1509727835655212
0.1187358871102333
0.1970254331827164
0.3504877686500549
0.3790031969547272
0.2598245143890381
0.2223311364650726
0.2360073924064636
0.5075784921646118
0.0000000000000000
0.2261921316385269
0.1746503561735153
0.2120507061481476
0.2725704014301300
0.2404730916023254
0.1853494644165039
0.0818937644362450
0.1424600034952164
0.3738397359848022
0.0000000000000000
0.3290430605411530
0.2843859493732452
0.4344059526920319
0.3812360763549805
0.2392636239528656
0.1620905399322510
0.0000000000000000
0.0000000000000000
0.1766971498727798
0.0000000000000000
0.1462744623422623
0.0524479784071445
0.1346915215253830
0.0599838718771935
0.0346781685948372
0.0024878215044737
0.0000000000000000
0.0000000000000000
0.1226433888077736
0.0000000000000000
0.0000000000000000
0.0000000000000000
0.0000000000000000
0.0000000000000000
0.0000000000000000
0.0000000000000000
0.0000000000000000
0.0000000000000000
0.0292355772107840
0.0000000000000000
0.0000000000000000
0.0000000000000000
0.0000000000000000
0.0000000000000000
0.0000000000000000
0.0000000000000000
0.0000000000000000
0.0000000000000000
0.0000000000000000
0.0000000000000000
0.0000000000000000
0.0000000000000000
0.0000000000000000
0.0000000000000000
0.0000000000000000
0.0000000000000000
0.0000000000000000
0.0000000000000000
0.0000000000000000
0.0000000000000000
0.0000000000000000
0.0000000000000000
0.0000000000000000
0.0000000000000000
0.0000000000000000
0.0000000000000000
0.0000000000000000
0.0000000000000000
0.0760445371270180
0.0000000000000000
0.0000000000000000
0.0000000000000000
0.0000000000000000
0.0000000000000000
0.0000000000000000
0.0000000000000000
0.0000000000000000
0.0000000000000000
0.0586570128798485
0.0000000000000000
0.0000000000000000
0.0000000000000000
0.0000000000000000
0.0000000000000000
0.0000000000000000
0.0000000000000000
0.0000000000000000
0.0000000000000000
0.0057968944311142
0.0000000000000000
0.0000000000000000
0.0000000000000000
0.0000000000000000
0.0000000000000000
0.0000000000000000
0.0000000000000000
0.0165582522749901
0.0000000000000000
0.0902435407042503
0.0004162341356277
0.0243303179740906
0.0794323831796646
0.1048411056399345
0.0740018934011459
0.0681230053305626
0.0950761884450912
0.1384702920913696
0.0000000000000000
0.1937218159437180
0.0000000000000000
0.0456537082791328
0.0235830098390579
0.0651337504386902
0.0586071833968163
0.0000000000000000
0.0281167328357697
0.1458438038825989
0.0250776410102844
0.3095058798789978
0.0000000000000000
0.0000000000000000
0.0410702005028725
0.0496892109513283
0.0247288793325424
0.0000000000000000
0.0000000000000000
0.0031065642833710
0.0000000000000000
0.2474786937236786
0.0170564427971840
0.0000000000000000
0.0968199074268341
0.0000000000000000
0.0000000000000000
0.0000000000000000
0.0000000000000000
0.0000000000000000
0.0000000000000000
0.1803199648857117
0.0907417461276054
0.0000000000000000
0.0000000000000000
0.0000000000000000
0.0000000000000000
0.0000000000000000
0.0000000000000000
0.0000000000000000
0.0000000000000000
0.0915388911962509
0.4227491021156311
0.2976982891559601
0.3246016502380371
0.2243119180202484
0.0766922235488892
0.0000000000000000
0.0000000000000000
0.0006653293967247
0.0000000000000000
0.3702377378940582
0.5891201496124268
0.5442990064620972
0.5337892770767212
0.6639250516891479
0.6659342646598816
0.6820080280303955
0.5122287273406982
0.4645484089851379
0.2473977655172348
0.0996426418423653
0.5749009847640991
0.4618436694145203
0.5771420598030090
0.7486987709999084
0.5964615345001221
0.5325527787208557
0.3396674394607544
0.1810934245586395
0.0000000000000000
0.0000000000000000
0.7633042931556702
0.6420554518699646
0.6436783075332642
0.6531834006309509
0.4613027572631836
0.3733605742454529
0.3203480243682861
0.2540436685085297
0.2890504896640778
0.0000000000000000
0.8469188213348389
0.5585954189300537
0.4553523063659668
0.3011058270931244
0.1187302544713020
0.0000000000000000
0.0000000000000000
0.0000000000000000
0.1446955949068069
0.0000000000000000
0.5119969248771667
0.0426889136433601
0.0455481931567192
0.0000000000000000
0.0000000000000000
0.0000000000000000
0.0000000000000000
0.0000000000000000
0.1419908702373505
0.0000000000000000
0.1635513752698898
0.0000000000000000
0.0000000000000000
0.0000000000000000
0.0000000000000000
0.0000000000000000
0.0000000000000000
0.0000000000000000
0.1385133713483810
0.0176509097218513
0.0015771389007568
0.0000000000000000
0.0000000000000000
0.0000000000000000
0.0000000000000000
0.0000000000000000
0.0000000000000000
0.3464679121971130
0.4456925988197327
0.3502544760704041
0.0000000000000000
0.0000000000000000
0.0000000000000000
0.0000000000000000
0.0000000000000000
0.2381244301795959
0.5684096813201904
0.7469213604927063
0.5222748517990112
0.3875023722648621
0.2494069933891296
0.0866599753499031
0.5170972347259521
0.7928243875503540
0.9269013404846191
0.9575806260108948
1.0773613452911377
1.0357085466384888
0.7686364650726318
0.5119969248771667
0.0858871936798096
0.1015745848417282
0.4555841088294983
0.6325502991676331
0.6997046470642090
0.6584383249282837
0.6747439503669739
0.6123034954071045
0.4277641773223877
0.2759132683277130
0.0000000000000000
0.0000000000000000
0.0000000000000000
0.0000000000000000
0.0000000000000000
0.0000000000000000
0.0000000000000000
0.0000000000000000
0.0000000000000000
0.0000000000000000
0.0000000000000000
0.0000000000000000
0.0000000000000000
0.0000000000000000
0.0000000000000000
0.0000000000000000
0.0244759060442448
0.0206472277641296
0.0000000000000000
0.0000000000000000
0.0000000000000000
0.0000000000000000
0.0000000000000000
0.0000000000000000
0.0000000000000000
0.0000000000000000
0.0000000000000000
0.0000000000000000
0.0000000000000000
0.0000000000000000
0.0000000000000000
0.0000000000000000
0.0000000000000000
0.0000000000000000
0.0482775568962097
0.1709869205951691
0.1624999940395355
0.2069765627384186
0.0000000000000000
0.0000000000000000
0.0000000000000000
0.1747517883777618
0.2360107451677322
0.2783815264701843
0.3565505146980286
0.1329553127288818
0.0372381806373596
0.1769213825464249
0.2916542887687683
0.0149042010307312
0.0000000000000000
0.4021756649017334
0.3703337907791138
0.2861027121543884
0.3806074261665344
0.0000000000000000
0.0000000000000000
0.1233197897672653
0.3381728231906891
0.1326362490653992
0.0265178754925728
0.4679014384746552
0.4536714851856232
0.3908810615539551
0.4394415616989136
0.1170024573802948
0.0000000000000000
0.1764746904373169
0.3345994055271149
0.3139244616031647
0.0000000000000000
0.3928591907024384
0.5058692693710327
0.5292879939079285
0.4599250555038452
0.2659382820129395
0.1358268260955811
0.3064585328102112
0.4067701101303101
0.4666890203952789
0.0048858076334000
0.2365212440490723
0.3560400009155273
0.6165181398391724
0.6904757022857666
0.7562651634216309
0.7189354896545410
0.6349596977233887
0.5449217557907104
0.6188154220581055
0.2766585946083069
0.4496513605117798
0.5768913030624390
0.7511602640151978
0.6935385465621948
0.6395541429519653
0.6800744533538818
0.5983958244323730
0.4210000336170197
0.4684119224548340
0.2583997845649719
0.2565456330776215
0.1892084926366806
0.0236468911170959
0.1333127915859222
0.2411697804927826
0.3615083694458008
0.3142954707145691
0.2065741419792175
0.1337198019027710
0.0000000000000000
0.0000000000000000
0.0000000000000000
0.0000000000000000
0.0000000000000000
0.0000000000000000
0.0020754784345627
0.1230923831462860
0.1660995185375214
0.1054101735353470
0.0608654618263245
0.1858619898557663
0.0497858077287674
0.0000000000000000
0.0000000000000000
0.0000000000000000
0.0859190151095390
0.2420290261507034
0.3582974970340729
0.3148381710052490
0.0000000000000000
0.2294570207595825
0.2021422982215881
0.0416004359722137
0.0288023054599762
0.0515947192907333
0.1468797028064728
0.2884278893470764
0.3482127785682678
0.3677039146423340
0.0015780329704285
0.3698746263980865
0.3577548563480377
0.3547701239585876
0.3100445270538330
0.3040750622749329
0.3326560258865356
0.5308234691619873
0.5166686773300171
0.4579238891601562
0.0728947892785072
0.4039275646209717
0.3809542655944824
0.5228189826011658
0.5621630549430847
0.4482461810112000
0.3958778679370880
0.3270936012268066
0.3074668049812317
0.3547248840332031
0.0451730489730835
0.2494003921747208
0.1001642793416977
0.1566026806831360
0.1092541217803955
0.0372138023376465
0.0330532938241959
0.0000000000000000
0.0000000000000000
0.2129053771495819
0.0000000000000000
0.0000000000000000
0.0000000000000000
0.0000000000000000
0.0000000000000000
0.0000000000000000
0.0000000000000000
0.0000000000000000
0.0000000000000000
0.1840983033180237
0.0751559510827065
0.0412838757038116
0.0000000000000000
0.0000000000000000
0.0000000000000000
0.0000000000000000
0.0000000000000000
0.0000000000000000
0.0000000000000000
0.0473437681794167
0.1886658072471619
0.1845505237579346
0.0725782215595245
0.0785476788878441
0.0000000000000000
0.0000000000000000
0.0000000000000000
0.0000000000000000
0.0802209302783012
0.1799377799034119
0.1430576294660568
0.0000000000000000
0.1264313012361526
0.0702905058860779
0.0000000000000000
0.0000000000000000
0.0560394078493118
0.0000000000000000
0.2763559818267822
0.2417358309030533
0.0000000000000000
0.0000000000000000
0.0000000000000000
0.0000000000000000
0.0000000000000000
0.0000000000000000
0.0000000000000000
0.0000000000000000
0.2956453561782837
0.2629685401916504
0.0000000000000000
0.0000000000000000
0.0000000000000000
0.0000000000000000
0.0000000000000000
0.0000000000000000
0.0000000000000000
0.0000000000000000
0.0000000000000000
0.0979290604591370
0.0000000000000000
0.0000000000000000
0.0000000000000000
0.0000000000000000
0.0000000000000000
0.0000000000000000
0.0293365269899368
0.0000000000000000
0.0000000000000000
0.0626611262559891
0.0000000000000000
0.0000000000000000
0.0000000000000000
0.0000000000000000
0.0000000000000000
0.0594942122697830
0.3945394754409790
0.0000000000000000
0.0000000000000000
0.0000000000000000
0.0000000000000000
0.0000000000000000
0.0000000000000000
0.0000000000000000
0.0000000000000000
0.2233821004629135
0.7028099894523621
0.0603579282760620
0.0000000000000000
0.0000000000000000
0.0000000000000000
0.0000000000000000
0.0000000000000000
0.0000000000000000
0.0000000000000000
0.1398187428712845
0.4341979622840881
0.0000000000000000
0.0000000000000000
0.0000000000000000
0.1908492594957352
0.0000000000000000
0.0000000000000000
0.0000000000000000
0.0000000000000000
0.0456029772758484
0.2674310207366943
0.0000000000000000
0.0000000000000000
0.0000000000000000
0.5782926082611084
0.0000000000000000
0.0647484213113785
0.0791434943675995
0.2410161048173904
0.3186774849891663
0.2841293215751648
0.0000000000000000
0.0000000000000000
0.0000000000000000
0.7569354176521301
0.4163480997085571
0.4917782545089722
0.4549269080162048
0.4356374740600586
0.4908425807952881
0.4231137633323669
0.2590099573135376
0.3751781582832336
0.0811588019132614
0.0959212034940720
0.0337338745594025
0.0000000000000000
0.0000000000000000
0.0000000000000000
0.0000000000000000
0.0000000000000000
0.0000000000000000
0.0000000000000000
0.0000000000000000
0.0479877628386021
0.0000000000000000
0.0000000000000000
0.0000000000000000
0.0000000000000000
0.0000000000000000
0.0000000000000000
0.0000000000000000
0.0000000000000000
0.0000000000000000
0.1880038231611252
0.1116887703537941
0.0170833151787519
0.0000000000000000
0.0000000000000000
0.0000000000000000
0.0000000000000000
0.0000000000000000
0.0000000000000000
0.0000000000000000
0.1337003111839294
0.0237056985497475
0.0298865884542465
0.0000000000000000
0.0000000000000000
0.0000000000000000
0.0000000000000000
0.0000000000000000
0.1330696046352386
0.0000000000000000
0.2370725274085999
0.0656474530696869
0.1915357857942581
0.1623972952365875
0.0612325295805931
0.0000000000000000
0.0000000000000000
0.0276160538196564
0.3690786659717560
0.0000000000000000
0.3652313649654388
0.1748852133750916
0.2230709344148636
0.1202032566070557
0.0549885705113411
0.0000000000000000
0.0000000000000000
0.0071812793612480
0.3519235253334045
0.0000000000000000
0.2213049530982971
0.1012821719050407
0.1268256455659866
0.0000000000000000
0.0000000000000000
0.0413023121654987
0.2066095769405365
0.2550475597381592
0.4081822335720062
0.0000000000000000
0.0838747620582581
0.0000000000000000
0.0000000000000000
0.0000000000000000
0.0000000000000000
0.1270779371261597
0.3366605043411255
0.3038009107112885
0.3345161378383636
0.0000000000000000
0.0145605048164725
0.0579528659582138
0.0710084289312363
0.2395953387022018
0.3207668066024780
0.4098851680755615
0.4424924850463867
0.3456164896488190
0.3304796516895294
0.0000000000000000
0.0428790710866451
0.0315264165401459
0.1186264976859093
0.2804018259048462
0.3030440509319305
0.2854474186897278
0.2822308540344238
0.1635325551033020
0.2494343072175980
0.0747295692563057
0.5193896889686584
0.0416498631238937
0.0000000000000000
0.0000000000000000
0.0371849909424782
0.0405945107340813
0.1193383857607841
0.0000000000000000
0.0000000000000000
0.1630128026008606
0.4012739062309265
0.0000000000000000
0.0000000000000000
0.0000000000000000
0.0000000000000000
0.0000000000000000
0.0000000000000000
0.0000000000000000
0.0000000000000000
0.0000000000000000
0.3037776052951813
0.0000000000000000
0.0000000000000000
0.0000000000000000
0.0000000000000000
0.0000000000000000
0.0000000000000000
0.0000000000000000
0.0000000000000000
0.0000000000000000
0.0759074836969376
0.0000000000000000
0.0000000000000000
0.0000000000000000
0.0000000000000000
0.0000000000000000
0.0000000000000000
0.0000000000000000
0.0000000000000000
0.0000000000000000
0.0000000000000000
0.0000000000000000
0.0000000000000000
0.0000000000000000
0.0000000000000000
0.0000000000000000
0.0000000000000000
0.0000000000000000
0.0876378715038300
0.0000000000000000
0.0000000000000000
0.0000000000000000
0.0000000000000000
0.0000000000000000
0.0000000000000000
0.0000000000000000
0.0000000000000000
0.1399984955787659
0.2829145491123199
0.2029935866594315
0.1716178059577942
0.0000000000000000
0.0000000000000000
0.0000000000000000
0.0000000000000000
0.0144547605887055
0.0998959392309189
0.0000000000000000
0.0556938573718071
0.2547047436237335
0.4458412826061249
0.0224103517830372
0.2805197536945343
0.4710068404674530
0.5920451283454895
0.7214447855949402
0.8350551724433899
0.4603317975997925
0.4445018768310547
0.5064010024070740
0.4764458835124969
0.1395926028490067
0.6344206929206848
0.8426860570907593
1.0911757946014404
1.2641686201095581
1.3224554061889648
0.8038417100906372
0.6789880990982056
0.5856319665908813
0.5212162137031555
0.4642689526081085
0.9316990375518799
1.0771316289901733
1.1607868671417236
1.1713402271270752
1.1478793621063232
0.8833974599838257
0.8139891624450684
0.6039784550666809
0.0000000000000000
0.0000000000000000
0.0000000000000000
0.0000000000000000
0.0000000000000000
0.0000000000000000
0.0000000000000000
0.0000000000000000
0.0000000000000000
0.0000000000000000
0.0000000000000000
0.0000000000000000
0.0000000000000000
0.0000000000000000
0.0000000000000000
0.0000000000000000
0.0000000000000000
0.0000000000000000
0.0000000000000000
0.0000000000000000
0.0000000000000000
0.0000000000000000
0.0000000000000000
0.0000000000000000
0.0000000000000000
0.0000000000000000
0.0000000000000000
0.0000000000000000
0.0000000000000000
0.0000000000000000
0.0000000000000000
0.0000000000000000
0.0000000000000000
0.0000000000000000
0.0000000000000000
0.0000000000000000
0.0000000000000000
0.0000000000000000
0.0000000000000000
0.0000000000000000
0.0000000000000000
0.0000000000000000
0.0000000000000000
0.0000000000000000
0.0000000000000000
0.0000000000000000
0.0000000000000000
0.0000000000000000
0.0000000000000000
0.0000000000000000
0.0000000000000000
0.0000000000000000
0.0000000000000000
0.0000000000000000
0.0000000000000000
0.0000000000000000
0.0000000000000000
0.0000000000000000
0.0000000000000000
0.0000000000000000
0.0000000000000000
0.0000000000000000
0.0000000000000000
0.0000000000000000
0.0000000000000000
0.0325549989938736
0.1426392644643784
0.2123416066169739
0.0844150632619858
0.0317215919494629
0.0000000000000000
0.0453969016671181
0.2254486829042435
0.4296311438083649
0.6710134744644165
0.9499744176864624
1.0958569049835205
1.0388828516006470
0.7271162867546082
0.4073187708854675
0.2038182318210602
0.5554363727569580
0.9450498223304749
1.3211772441864014
1.6688557863235474
1.9534610509872437
1.9508094787597656
1.6179807186126709
1.1080926656723022
0.5975608229637146
0.3303431570529938
0.7276465892791748
1.0938491821289062
1.3192832469940186
1.4484977722167969
1.4965697526931763
1.4097069501876831
1.1641955375671387
0.8270861506462097
0.4288734495639801
0.0000000000000000
0.0000000000000000
0.0000000000000000
0.0000000000000000
0.0000000000000000
0.0000000000000000
0.0000000000000000
0.1359448730945587
0.0000000000000000
0.3678459823131561
0.0000000000000000
0.0000000000000000
0.0000000000000000
0.0000000000000000
0.0000000000000000
0.0000000000000000
0.0000000000000000
0.0000000000000000
0.0000000000000000
0.1164217069745064
0.0000000000000000
0.0000000000000000
0.0000000000000000
0.0000000000000000
0.0000000000000000
0.0000000000000000
0.0000000000000000
0.0000000000000000
0.0000000000000000
0.1828853189945221
0.0000000000000000
0.0000000000000000
0.0000000000000000
0.0000000000000000
0.0000000000000000
0.0000000000000000
0.0000000000000000
0.0000000000000000
0.0000000000000000
0.2471419870853424
0.0049699470400810
0.0000000000000000
0.0000000000000000
0.0000000000000000
0.0308593586087227
0.0000000000000000
0.0000000000000000
0.0000000000000000
0.0000000000000000
0.2858487367630005
0.2747290432453156
0.0000000000000000
0.0000000000000000
0.0000000000000000
0.0000000000000000
0.0000000000000000
0.0000000000000000
0.0000000000000000
0.0000000000000000
0.4428828358650208
0.2451896369457245
0.0000000000000000
0.0140524655580521
0.0000000000000000
0.0000000000000000
0.0000000000000000
0.0000000000000000
0.0000000000000000
0.0000000000000000
0.5014522671699524
0.0000000000000000
0.0000000000000000
0.0000000000000000
0.0000000000000000
0.0000000000000000
0.0000000000000000
0.0000000000000000
0.1511389613151550
0.0000000000000000
0.4901628494262695
0.0000000000000000
0.0000000000000000
0.0000000000000000
0.0000000000000000
0.0000000000000000
0.0000000000000000
0.0000000000000000
0.2014747560024261
0.0000000000000000
0.4516258239746094
0.0000000000000000
0.0000000000000000
0.0795823559165001
0.0598894432187080
0.2146316766738892
0.0928241387009621
0.1817818284034729
0.4744594097137451
0.2226107120513916
0.5834495425224304
