0.0291645824909210
0.0446953140199184
0.0048060459084809
0.0990209579467773
0.1953698694705963
0.0774439126253128
0.0588125027716160
0.0367429964244366
0.0514620803296566
0.0514620803296566
0.0514620803296566
0.0514620803296566
0.0514620803296566
0.0514620803296566
0.0514620803296566
0.0514620803296566
0.0514620803296566
0.0316542424261570
0.0317363180220127
0.1349431872367859
-0.0276872012764215
-0.0966133773326874
-0.0662906020879745
0.1149256005883217
0.1652477234601974
0.0541341342031956
-0.0206833239644766
-0.0481881350278854
-0.0298303142189980
-0.0298303142189980
-0.0298303142189980
-0.0298303142189980
-0.0298303142189980
-0.0298303142189980
-0.0298303142189980
-0.0298303142189980
-0.0298303142189980
-0.0629345774650574
0.0039396807551384
0.1727167069911957
0.0016141748055816
0.0010761165758595
0.0434550456702709
0.2537811100482941
0.2711722552776337
0.1302830576896667
0.0421874150633812
-0.0109344385564327
0.0060919141396880
0.0060919141396880
0.0060919141396880
0.0060919141396880
0.0060919141396880
0.0060919141396880
0.0060919141396880
0.0060919141396880
0.0060919141396880
-0.0139621561393142
0.0731759220361710
0.2244158983230591
0.0137615241110325
-0.0380288623273373
0.0383936502039433
0.2284923642873764
0.2524587512016296
0.1352258920669556
0.0928560867905617
0.0319004729390144
0.0456072762608528
0.0456072762608528
0.0456072762608528
0.0456072762608528
0.0456072762608528
0.0456072762608528
0.0456072762608528
0.0456072762608528
0.0456072762608528
0.0318457521498203
0.1099098026752472
0.2355692088603973
0.1530182957649231
-0.0418864674866199
-0.0835449472069740
0.0921903550624847
0.1981604695320129
0.1529179811477661
0.1074748560786247
0.0516535937786102
0.0659805312752724
0.0659805312752724
0.0659805312752724
0.0659805312752724
0.0659805312752724
0.0659805312752724
0.0659805312752724
0.0659805312752724
0.0659805312752724
0.0457714311778545
0.1202241033315659
0.2423724532127380
0.1460782587528229
0.1050307974219322
0.0718353390693665
0.1864143908023834
0.1725343167781830
0.1733824312686920
0.1061342731118202
0.0544989183545113
0.0659805312752724
0.0659805312752724
0.0659805312752724
0.0659805312752724
0.0659805312752724
0.0659805312752724
0.0659805312752724
0.0659805312752724
0.0659805312752724
0.0457714311778545
0.1202241033315659
0.2423724532127380
0.1462241709232330
0.1636882722377777
0.0658802166581154
0.1412539780139923
0.1830401271581650
0.1630042940378189
0.0855147838592529
0.0550278574228287
0.0659805312752724
0.0659805312752724
0.0659805312752724
0.0659805312752724
0.0659805312752724
0.0659805312752724
0.0659805312752724
0.0659805312752724
0.0659805312752724
0.0457714311778545
0.1202241033315659
0.2423724532127380
0.1253584623336792
0.1706283092498779
0.0317271985113621
0.1015288606286049
0.1588183790445328
0.1170231103897095
0.0810005664825439
0.0552376098930836
0.0659805312752724
0.0659805312752724
0.0659805312752724
0.0659805312752724
0.0659805312752724
0.0659805312752724
0.0659805312752724
0.0659805312752724
0.0659805312752724
0.0457714311778545
0.1202241033315659
0.2423724532127380
0.1832863539457321
0.0500029399991035
-0.0156675279140472
0.1028968021273613
0.1585630327463150
0.0534045621752739
0.0720815658569336
0.0558030270040035
0.0659805312752724
0.0659805312752724
0.0659805312752724
0.0659805312752724
0.0659805312752724
0.0659805312752724
0.0659805312752724
0.0659805312752724
0.0659805312752724
0.0457714311778545
0.1202241033315659
0.2423724532127380
0.0634361580014229
0.0872383937239647
0.1511670202016830
0.1343139410018921
0.1037996485829353
0.0288271550089121
0.0715891048312187
0.0548545829951763
0.0659805312752724
0.0659805312752724
0.0659805312752724
0.0659805312752724
0.0659805312752724
0.0659805312752724
0.0659805312752724
0.0659805312752724
0.0659805312752724
0.0457714311778545
0.1202241033315659
0.2423724532127380
-0.0888252109289169
0.0435918383300304
0.1516777127981186
0.1850555688142776
0.0925277844071388
0.0721545219421387
0.0735771879553795
0.0535595975816250
0.0659805312752724
0.0659805312752724
0.0659805312752724
0.0659805312752724
0.0659805312752724
0.0659805312752724
0.0659805312752724
0.0659805312752724
0.0659805312752724
0.0457714311778545
0.1202241033315659
0.2423724532127380
0.0290916245430708
0.1498811393976212
0.0917708501219749
0.2189076393842697
0.1638980209827423
0.0559762977063656
0.0803621932864189
0.0530853755772114
0.0659805312752724
0.0659805312752724
0.0659805312752724
0.0659805312752724
0.0659805312752724
0.0659805312752724
0.0659805312752724
0.0659805312752724
0.0659805312752724
0.0457714311778545
0.1202241033315659
0.2423724532127380
0.0488994643092155
0.0546630732715130
0.0194248147308826
0.1667342185974121
0.1819184124469757
0.1105299368500710
0.0850223228335381
0.0525199584662914
0.0659805312752724
0.0659805312752724
0.0659805312752724
0.0659805312752724
0.0659805312752724
0.0659805312752724
0.0659805312752724
0.0659805312752724
0.0659805312752724
0.0457714311778545
0.1202241033315659
0.2423724532127380
0.0951359942555428
0.0516535937786102
0.0204918123781681
0.0834263935685158
0.1329368650913239
0.0944885015487671
0.1047754511237144
0.0536872707307339
0.0659805312752724
0.0659805312752724
0.0659805312752724
0.0659805312752724
0.0659805312752724
0.0659805312752724
0.0659805312752724
0.0659805312752724
0.0659805312752724
0.0457714311778545
0.1202241033315659
0.2423724532127380
0.0397980734705925
-0.0441754944622517
0.1591284573078156
0.1387825608253479
0.1101286709308624
0.0997231751680374
0.0810552835464478
0.0562681257724762
0.0659805312752724
0.0659805312752724
0.0659805312752724
0.0659805312752724
0.0659805312752724
0.0659805312752724
0.0659805312752724
0.0659805312752724
0.0659805312752724
0.0457714311778545
0.1202241033315659
0.2423724532127380
-0.0319369509816170
0.0049063619226217
0.0734677538275719
0.1722698360681534
0.1742032021284103
0.1006351336836815
0.0651780068874359
0.0509422607719898
0.0659805312752724
0.0659805312752724
0.0659805312752724
0.0659805312752724
0.0659805312752724
0.0659805312752724
0.0659805312752724
0.0659805312752724
0.0659805312752724
0.0457714311778545
0.1202241033315659
0.2423724532127380
0.0009940398158506
0.0549913793802261
0.1561372131109238
0.1697984188795090
0.1543132811784744
0.1527720689773560
0.0768602564930916
0.0518177449703217
0.0659805312752724
0.0659805312752724
0.0659805312752724
0.0659805312752724
0.0659805312752724
0.0659805312752724
0.0659805312752724
0.0659805312752724
0.0659805312752724
0.0457714311778545
0.1202241033315659
0.2423724532127380
0.0854144692420959
0.0760668441653252
0.1498811393976212
0.2242243885993958
0.2024558186531067
0.1143510639667511
0.0695736706256866
0.0420506224036217
0.0598247833549976
0.0598247833549976
0.0598247833549976
0.0598247833549976
0.0598247833549976
0.0598247833549976
0.0598247833549976
0.0598247833549976
0.0598247833549976
0.0426342785358429
0.1195218935608864
0.2337543964385986
-0.0029274018015712
0.1789636462926865
0.1419561803340912
0.2402840554714203
0.1883112788200378
0.0952363163232803
0.0117096072062850
-0.0161417480558157
-0.0000273588957498
-0.0000273588957498
-0.0000273588957498
-0.0000273588957498
-0.0000273588957498
-0.0000273588957498
-0.0000273588957498
-0.0000273588957498
-0.0000273588957498
-0.0160414315760136
0.0537511073052883
0.2328606694936752
-0.0769240930676460
0.1483764052391052
0.1586542278528214
0.0951907113194466
0.2561066150665283
0.0434459261596203
0.0054991380311549
-0.0065387757495046
0.0050705149769783
0.0050705149769783
0.0050705149769783
0.0050705149769783
0.0050705149769783
0.0050705149769783
0.0050705149769783
0.0050705149769783
0.0050705149769783
-0.0028818035498261
0.0101592699065804
0.1631775647401810
-0.1334145814180374
-0.0482841432094574
-0.0584961920976639
-0.0687983706593513
-0.0757926777005196
-0.1252395361661911
-0.0802001729607582
-0.0611280687153339
-0.0609658323228359
-0.0609658323228359
-0.0609658323228359
-0.0609658323228359
-0.0609658323228359
-0.0609658323228359
-0.0609658323228359
-0.0609658323228359
-0.0609658323228359
-0.0586854703724384
-0.0699070021510124
-0.1263121217489243
0.0013519921340048
0.0956669598817825
0.0236778892576694
-0.1775796562433243
-0.1303770989179611
-0.1527660936117172
-0.0924852713942528
-0.0825526416301727
-0.0807229429483414
-0.0807229429483414
-0.0807229429483414
-0.0807229429483414
-0.0807229429483414
-0.0807229429483414
-0.0807229429483414
-0.0807229429483414
-0.0807229429483414
-0.0810023546218872
-0.1079791039228439
-0.1424819380044937
0.1040132567286491
0.0181978140026331
-0.0515830069780350
-0.1157125011086464
-0.1151086091995239
-0.1595621109008789
-0.1050858423113823
-0.0757115557789803
-0.0786498859524727
-0.0786498859524727
-0.0786498859524727
-0.0786498859524727
-0.0786498859524727
-0.0786498859524727
-0.0786498859524727
-0.0786498859524727
-0.0786498859524727
-0.0791366025805473
-0.1079791039228439
-0.1280066072940826
0.0352779813110828
-0.0431465767323971
-0.1026522517204285
-0.1167580410838127
-0.1018590852618217
-0.1509814709424973
-0.1166679039597511
-0.0743415430188179
-0.0771807208657265
-0.0771807208657265
-0.0771807208657265
-0.0771807208657265
-0.0771807208657265
-0.0771807208657265
-0.0771807208657265
-0.0771807208657265
-0.0771807208657265
-0.0819217115640640
-0.0980735048651695
-0.1076906770467758
-0.0140517046675086
-0.0622457154095173
-0.0731698125600815
-0.1666645705699921
-0.1757048964500427
-0.1819781363010406
-0.1002096533775330
-0.0538723804056644
-0.0539625100791454
-0.0539625100791454
-0.0539625100791454
-0.0539625100791454
-0.0539625100791454
-0.0539625100791454
-0.0539625100791454
-0.0539625100791454
-0.0539625100791454
-0.0627504587173462
-0.0873927697539330
-0.0966674387454987
-0.0710156410932541
-0.0111854812130332
-0.0175849106162786
-0.0594606138765812
-0.1745872497558594
-0.1601840257644653
-0.0909169614315033
-0.0532594770193100
-0.0539625100791454
-0.0539625100791454
-0.0539625100791454
-0.0539625100791454
-0.0539625100791454
-0.0539625100791454
-0.0539625100791454
-0.0539625100791454
-0.0539625100791454
-0.0627504587173462
-0.0873927697539330
-0.0966674387454987
-0.1035625934600830
-0.0582708604633808
-0.0230920258909464
-0.0655355677008629
-0.0854368880391121
-0.1167400106787682
-0.0850583314895630
-0.0522049218416214
-0.0539625100791454
-0.0539625100791454
-0.0539625100791454
-0.0539625100791454
-0.0539625100791454
-0.0539625100791454
-0.0539625100791454
-0.0539625100791454
-0.0539625100791454
-0.0627504587173462
-0.0873927697539330
-0.0966674387454987
-0.0883301496505737
-0.0976859405636787
-0.0201717223972082
0.0926385000348091
0.0271029360592365
-0.0925033017992973
-0.0823903977870941
-0.0523220933973789
-0.0539625100791454
-0.0539625100791454
-0.0539625100791454
-0.0539625100791454
-0.0539625100791454
-0.0539625100791454
-0.0539625100791454
-0.0539625100791454
-0.0539625100791454
-0.0627504587173462
-0.0873927697539330
-0.0966674387454987
-0.0856532081961632
0.0375222861766815
0.0283017009496689
-0.0251470524817705
-0.0792537778615952
-0.0940535813570023
-0.0971090868115425
-0.0501679219305515
-0.0539625100791454
-0.0539625100791454
-0.0539625100791454
-0.0539625100791454
-0.0539625100791454
-0.0539625100791454
-0.0539625100791454
-0.0539625100791454
-0.0539625100791454
-0.0627504587173462
-0.0873927697539330
-0.0966674387454987
0.1022466570138931
0.0960004553198814
-0.0238671675324440
-0.1274658143520355
-0.1638704538345337
-0.1026071906089783
-0.1008135452866554
-0.0497893616557121
-0.0539625100791454
-0.0539625100791454
-0.0539625100791454
-0.0539625100791454
-0.0539625100791454
-0.0539625100791454
-0.0539625100791454
-0.0539625100791454
-0.0539625100791454
-0.0627504587173462
-0.0873927697539330
-0.0966674387454987
0.1837267130613327
0.1289169490337372
0.0033259005285800
-0.1049416288733482
-0.0683837607502937
-0.1111607924103737
-0.0911513119935989
-0.0492125116288662
-0.0539625100791454
-0.0539625100791454
-0.0539625100791454
-0.0539625100791454
-0.0539625100791454
-0.0539625100791454
-0.0539625100791454
-0.0539625100791454
-0.0539625100791454
-0.0627504587173462
-0.0873927697539330
-0.0966674387454987
0.0484013184905052
-0.0004416507435963
-0.0520787350833416
-0.0543771237134933
-0.0670948624610901
-0.0922058597207069
-0.0815431475639343
-0.0491404049098492
-0.0539625100791454
-0.0539625100791454
-0.0539625100791454
-0.0539625100791454
-0.0539625100791454
-0.0539625100791454
-0.0539625100791454
-0.0539625100791454
-0.0539625100791454
-0.0627504587173462
-0.0873927697539330
-0.0966674387454987
0.0431826263666153
0.0493747517466545
-0.0172243788838387
-0.0578201971948147
-0.1150635406374931
-0.1147300526499748
-0.0844724699854851
-0.0501228533685207
-0.0539625100791454
-0.0539625100791454
-0.0539625100791454
-0.0539625100791454
-0.0539625100791454
-0.0539625100791454
-0.0539625100791454
-0.0539625100791454
-0.0539625100791454
-0.0627504587173462
-0.0873927697539330
-0.0966674387454987
0.0211721956729889
-0.0522139370441437
-0.1085108891129494
-0.0960996001958847
-0.0956849902868271
-0.1243742629885674
-0.0831024497747421
-0.0506005585193634
-0.0539625100791454
-0.0539625100791454
-0.0539625100791454
-0.0539625100791454
-0.0539625100791454
-0.0539625100791454
-0.0539625100791454
-0.0539625100791454
-0.0539625100791454
-0.0627504587173462
-0.0873927697539330
-0.0966674387454987
0.1258704662322998
0.0022352936211973
-0.1016968488693237
-0.0879786312580109
-0.1145588010549545
-0.1115393489599228
-0.0986143052577972
-0.0519255101680756
-0.0539625100791454
-0.0539625100791454
-0.0539625100791454
-0.0539625100791454
-0.0539625100791454
-0.0539625100791454
-0.0539625100791454
-0.0539625100791454
-0.0539625100791454
-0.0627504587173462
-0.0873927697539330
-0.0966674387454987
-0.0417945832014084
-0.0578742772340775
-0.0528989434242249
-0.1318102180957794
-0.1524506360292435
-0.1372181922197342
-0.1022286340594292
-0.0520246550440788
-0.0539625100791454
-0.0539625100791454
-0.0539625100791454
-0.0539625100791454
-0.0539625100791454
-0.0539625100791454
-0.0539625100791454
-0.0539625100791454
-0.0539625100791454
-0.0627504587173462
-0.0873927697539330
-0.0966674387454987
-0.0208387058228254
-0.0892765447497368
-0.1258073747158051
-0.2023211121559143
-0.1277722716331482
-0.1542262434959412
-0.0918723717331886
-0.0514658316969872
-0.0539625100791454
-0.0539625100791454
-0.0539625100791454
-0.0539625100791454
-0.0539625100791454
-0.0539625100791454
-0.0539625100791454
-0.0539625100791454
-0.0539625100791454
-0.0627504587173462
-0.0873927697539330
-0.0966674387454987
-0.0121138496324420
-0.0603258870542049
-0.1102324202656746
-0.1808064132928848
-0.1231664791703224
-0.1204444691538811
-0.0836702883243561
-0.0486987568438053
-0.0514838583767414
-0.0514838583767414
-0.0514838583767414
-0.0514838583767414
-0.0514838583767414
-0.0514838583767414
-0.0514838583767414
-0.0514838583767414
-0.0514838583767414
-0.0587215237319469
-0.0784876495599747
-0.0871854647994041
-0.0019648952875286
-0.0260033141821623
-0.0044525605626404
-0.0268956292420626
-0.0314383246004581
-0.0518714301288128
-0.0393790230154991
-0.0254985708743334
-0.0261745676398277
-0.0261745676398277
-0.0261745676398277
-0.0261745676398277
-0.0261745676398277
-0.0261745676398277
-0.0261745676398277
-0.0261745676398277
-0.0261745676398277
-0.0262917391955853
-0.0408481881022453
-0.0787580460309982
0.0466617532074451
-0.1069876402616501
-0.0307803545147181
-0.1020844206213951
0.0244980975985527
0.0365488529205322
0.0579553954303265
0.0580905936658382
0.0571892671287060
0.0571892671287060
0.0571892671287060
0.0571892671287060
0.0571892671287060
0.0571892671287060
0.0571892671287060
0.0571892671287060
0.0571892671287060
0.0630118474364281
0.0669957175850868
0.0256698243319988
-0.1176851987838745
-0.1469903886318207
-0.0285532027482986
-0.0987971797585487
-0.2570672929286957
-0.0595614090561867
0.0304552763700485
0.0152608137577772
0.0181581564247608
0.0181581564247608
0.0181581564247608
0.0181581564247608
0.0181581564247608
0.0181581564247608
0.0181581564247608
0.0181581564247608
0.0181581564247608
0.0328439250588417
0.0279118064790964
-0.0525945127010345
-0.2399928867816925
-0.0705978497862816
-0.0478614494204521
-0.2286910265684128
-0.4488006234169006
-0.0658426731824875
-0.0120095964521170
-0.0326227545738220
-0.0251250490546227
-0.0251250490546227
-0.0251250490546227
-0.0251250490546227
-0.0251250490546227
-0.0251250490546227
-0.0251250490546227
-0.0251250490546227
-0.0251250490546227
-0.0080727497115731
-0.0080285146832466
-0.0734288394451141
-0.1573190838098526
-0.0329545103013515
-0.0430841520428658
-0.1829528212547302
-0.4191857874393463
-0.0673908665776253
0.0064360820688307
-0.0343257710337639
-0.0271377079188824
-0.0271377079188824
-0.0271377079188824
-0.0271377079188824
-0.0271377079188824
-0.0271377079188824
-0.0271377079188824
-0.0271377079188824
-0.0271377079188824
-0.0115230204537511
-0.0076082898303866
-0.0736721307039261
-0.3317568302154541
-0.1820017844438553
-0.0767906457185745
-0.2420276552438736
-0.4347120225429535
-0.0668821781873703
0.0174504090100527
-0.0309639703482389
-0.0284868516027927
-0.0284868516027927
-0.0284868516027927
-0.0284868516027927
-0.0284868516027927
-0.0284868516027927
-0.0284868516027927
-0.0284868516027927
-0.0284868516027927
-0.0090901367366314
-0.0088468482717872
-0.0764588862657547
-0.3646670877933502
-0.2215029746294022
-0.0556245595216751
-0.2460308521986008
-0.4571608901023865
-0.0784494280815125
0.0006635136669502
-0.0330872125923634
-0.0291503649204969
-0.0291503649204969
-0.0291503649204969
-0.0291503649204969
-0.0291503649204969
-0.0291503649204969
-0.0291503649204969
-0.0291503649204969
-0.0291503649204969
-0.0135356783866882
-0.0107489209622145
-0.0750655084848404
-0.3276430368423462
-0.1042601093649864
-0.1417707502841949
-0.2944673597812653
-0.4155585765838623
-0.0795331671833992
-0.0023886491544545
-0.0349008180201054
-0.0291503649204969
-0.0291503649204969
-0.0291503649204969
-0.0291503649204969
-0.0291503649204969
-0.0291503649204969
-0.0291503649204969
-0.0291503649204969
-0.0291503649204969
-0.0135356783866882
-0.0107489209622145
-0.0750655084848404
-0.3169162273406982
-0.3051499128341675
-0.3530113697052002
-0.2907295525074005
-0.3044642806053162
-0.0577035695314407
0.0034945050720125
-0.0365153662860394
-0.0291503649204969
-0.0291503649204969
-0.0291503649204969
-0.0291503649204969
-0.0291503649204969
-0.0291503649204969
-0.0291503649204969
-0.0291503649204969
-0.0291503649204969
-0.0135356783866882
-0.0107489209622145
-0.0750655084848404
-0.1464816927909851
-0.2337558567523956
-0.2321191877126694
-0.2339549064636230
-0.3069414198398590
-0.0231787431985140
0.0095324795693159
-0.0346575304865837
-0.0291503649204969
-0.0291503649204969
-0.0291503649204969
-0.0291503649204969
-0.0291503649204969
-0.0291503649204969
-0.0291503649204969
-0.0291503649204969
-0.0291503649204969
-0.0135356783866882
-0.0107489209622145
-0.0750655084848404
-0.0838460102677345
-0.2141600847244263
-0.0633655488491058
-0.1597519665956497
-0.2991561889648438
-0.0189101379364729
0.0140443723648787
-0.0347681157290936
-0.0291503649204969
-0.0291503649204969
-0.0291503649204969
-0.0291503649204969
-0.0291503649204969
-0.0291503649204969
-0.0291503649204969
-0.0291503649204969
-0.0291503649204969
-0.0135356783866882
-0.0107489209622145
-0.0750655084848404
-0.2323624789714813
-0.1655466556549072
-0.0405849181115627
-0.2500782907009125
-0.3477917313575745
-0.0258106812834740
0.0074313525110483
-0.0339497812092304
-0.0291503649204969
-0.0291503649204969
-0.0291503649204969
-0.0291503649204969
-0.0291503649204969
-0.0291503649204969
-0.0291503649204969
-0.0291503649204969
-0.0291503649204969
-0.0135356783866882
-0.0107489209622145
-0.0750655084848404
-0.2634812593460083
-0.1284120082855225
-0.0881367251276970
-0.1942546814680099
-0.3615928292274475
-0.0183129757642746
0.0070332447066903
-0.0344805903732777
-0.0291503649204969
-0.0291503649204969
-0.0291503649204969
-0.0291503649204969
-0.0291503649204969
-0.0291503649204969
-0.0291503649204969
-0.0291503649204969
-0.0291503649204969
-0.0135356783866882
-0.0107489209622145
-0.0750655084848404
-0.0539436601102352
-0.0154156330972910
-0.1140801087021828
-0.0844874009490013
-0.3337473571300507
-0.0379972159862518
0.0047551812604070
-0.0334410890936852
-0.0291503649204969
-0.0291503649204969
-0.0291503649204969
-0.0291503649204969
-0.0291503649204969
-0.0291503649204969
-0.0291503649204969
-0.0291503649204969
-0.0291503649204969
-0.0135356783866882
-0.0107489209622145
-0.0750655084848404
-0.1160706505179405
-0.0688727125525475
-0.1012742966413498
-0.1891677379608154
-0.3439433574676514
-0.0528156869113445
0.0046888296492398
-0.0334189720451832
-0.0291503649204969
-0.0291503649204969
-0.0291503649204969
-0.0291503649204969
-0.0291503649204969
-0.0291503649204969
-0.0291503649204969
-0.0291503649204969
-0.0291503649204969
-0.0135356783866882
-0.0107489209622145
-0.0750655084848404
-0.1087498888373375
-0.0886233076453209
-0.0865221768617630
-0.1352019608020782
-0.3164739012718201
-0.0335516743361950
0.0084487404674292
-0.0348123498260975
-0.0291503649204969
-0.0291503649204969
-0.0291503649204969
-0.0291503649204969
-0.0291503649204969
-0.0291503649204969
-0.0291503649204969
-0.0291503649204969
-0.0291503649204969
-0.0135356783866882
-0.0107489209622145
-0.0750655084848404
-0.1002347916364670
-0.0729201510548592
-0.0083160372450948
-0.1113154739141464
-0.3367110490798950
-0.0023001804947853
0.0079400464892387
-0.0347902327775955
-0.0291503649204969
-0.0291503649204969
-0.0291503649204969
-0.0291503649204969
-0.0291503649204969
-0.0291503649204969
-0.0291503649204969
-0.0291503649204969
-0.0291503649204969
-0.0135356783866882
-0.0107489209622145
-0.0750655084848404
-0.1574739068746567
0.0526608675718307
0.0283762663602829
-0.0894416347146034
-0.2807768583297729
-0.0017251354875043
-0.0042907213792205
-0.0347238816320896
-0.0291503649204969
-0.0291503649204969
-0.0291503649204969
-0.0291503649204969
-0.0291503649204969
-0.0291503649204969
-0.0291503649204969
-0.0291503649204969
-0.0291503649204969
-0.0135356783866882
-0.0107489209622145
-0.0750655084848404
-0.1113818213343620
-0.0450968109071255
0.0316717177629471
-0.2297084182500839
-0.3842186331748962
-0.0253462214022875
0.0014154957607388
-0.0341488346457481
-0.0291503649204969
-0.0291503649204969
-0.0291503649204969
-0.0291503649204969
-0.0291503649204969
-0.0291503649204969
-0.0291503649204969
-0.0291503649204969
-0.0291503649204969
-0.0135356783866882
-0.0107489209622145
-0.0750655084848404
-0.0424648746848106
-0.1261781752109528
-0.0853278562426567
-0.1790823340415955
-0.3302307426929474
-0.0343036539852619
0.0183793269097805
-0.0196178872138262
-0.0175831113010645
-0.0175831113010645
-0.0175831113010645
-0.0175831113010645
-0.0175831113010645
-0.0175831113010645
-0.0175831113010645
-0.0175831113010645
-0.0175831113010645
0.0059052715077996
0.0045782439410686
-0.0569515861570835
-0.0098863532766700
0.1155398413538933
0.0521300546824932
-0.0644271746277809
-0.3301422595977783
-0.0060158567503095
0.0411599613726139
0.0078958123922348
0.0037820276338607
0.0037820276338607
0.0037820276338607
0.0037820276338607
0.0037820276338607
0.0037820276338607
0.0037820276338607
0.0037820276338607
0.0037820276338607
0.0192861296236515
0.0174946431070566
-0.0266953650861979
0.0098863532766700
0.2216135561466217
0.0510020814836025
-0.0845095217227936
-0.3162527084350586
-0.0598710477352142
0.0014597299741581
-0.0278675723820925
-0.0285089686512947
-0.0285089686512947
-0.0285089686512947
-0.0285089686512947
-0.0285089686512947
-0.0285089686512947
-0.0285089686512947
-0.0285089686512947
-0.0285089686512947
-0.0193745978176594
-0.0027646401431412
-0.0224709957838058
0.0822249129414558
0.0520566664636135
-0.0164897385984659
-0.0419166646897793
0.0914977714419365
0.0424900986254215
0.0301962215453386
0.0432313680648804
0.0411194488406181
0.0411194488406181
0.0411194488406181
0.0411194488406181
0.0411194488406181
0.0411194488406181
0.0411194488406181
0.0411194488406181
0.0411194488406181
0.0296647474169731
0.0087553663179278
0.0056364415213466
0.1148687228560448
0.0064196693710983
0.0181680843234062
0.1316941380500793
0.2487167268991470
0.0083917248994112
-0.0081120003014803
0.0075805247761309
0.0033846623264253
0.0033846623264253
0.0033846623264253
0.0033846623264253
0.0033846623264253
0.0033846623264253
0.0033846623264253
0.0033846623264253
0.0033846623264253
-0.0074686347506940
-0.0386578775942326
0.0160561669617891
0.1332466006278992
0.1367990970611572
0.0192869808524847
0.0086434762924910
0.1705478131771088
0.0152729386463761
0.0112728830426931
0.0271192565560341
0.0208114776760340
0.0208114776760340
0.0208114776760340
0.0208114776760340
0.0208114776760340
0.0208114776760340
0.0208114776760340
0.0208114776760340
0.0208114776760340
0.0143778212368488
0.0067972969263792
0.0574973002076149
0.0399166382849216
-0.0391473956406116
-0.0678191184997559
-0.0875536575913429
0.0425880029797554
0.0156645532697439
0.0211751181632280
0.0440705418586731
0.0382802486419678
0.0382802486419678
0.0382802486419678
0.0382802486419678
0.0382802486419678
0.0382802486419678
0.0382802486419678
0.0382802486419678
0.0382802486419678
0.0334689952433109
0.0214548427611589
0.0727422684431076
0.0580147877335548
-0.0400984585285187
-0.0594273954629898
-0.0406439192593098
0.1619602888822556
0.0334969684481621
0.0326018519699574
0.0532874502241611
0.0476649962365627
0.0476649962365627
0.0476649962365627
0.0476649962365627
0.0476649962365627
0.0476649962365627
0.0476649962365627
0.0476649962365627
0.0476649962365627
0.0412732996046543
0.0249234214425087
0.0728961154818535
0.1342396289110184
0.1062672063708305
0.0037203312385827
-0.0634274482727051
0.0728121995925903
0.0264199469238520
0.0246297121047974
0.0542944595217705
0.0476649962365627
0.0476649962365627
0.0476649962365627
0.0476649962365627
0.0476649962365627
0.0476649962365627
0.0476649962365627
0.0476649962365627
0.0476649962365627
0.0412732996046543
0.0249234214425087
0.0728961154818535
0.1474565863609314
0.1580581367015839
0.0520007200539112
0.0218464564532042
0.1270367205142975
0.0272171609103680
0.0449376851320267
0.0515951216220856
0.0476649962365627
0.0476649962365627
0.0476649962365627
0.0476649962365627
0.0476649962365627
0.0476649962365627
0.0476649962365627
0.0476649962365627
0.0476649962365627
0.0412732996046543
0.0249234214425087
0.0728961154818535
0.1206590160727501
0.0125736007466912
0.1552608907222748
0.0769381299614906
0.1519321799278259
0.0553294382989407
0.0334969684481621
0.0534692704677582
0.0476649962365627
0.0476649962365627
0.0476649962365627
0.0476649962365627
0.0476649962365627
0.0476649962365627
0.0476649962365627
0.0476649962365627
0.0476649962365627
0.0412732996046543
0.0249234214425087
0.0728961154818535
0.0642386525869370
0.1361137777566910
0.1930516213178635
0.1418061554431915
0.1298059970140457
0.0423502363264561
0.0299444701522589
0.0549657978117466
0.0476649962365627
0.0476649962365627
0.0476649962365627
0.0476649962365627
0.0476649962365627
0.0476649962365627
0.0476649962365627
0.0476649962365627
0.0476649962365627
0.0412732996046543
0.0249234214425087
0.0728961154818535
0.1697366237640381
0.1380718350410461
0.2291640192270279
0.3206058442592621
0.3186757564544678
0.0528398938477039
0.0257066506892443
0.0555252432823181
0.0476649962365627
0.0476649962365627
0.0476649962365627
0.0476649962365627
0.0476649962365627
0.0476649962365627
0.0476649962365627
0.0476649962365627
0.0476649962365627
0.0412732996046543
0.0249234214425087
0.0728961154818535
0.0940712317824364
0.0507139898836613
0.0517209954559803
0.3249415755271912
0.4017677903175354
0.0417208559811115
0.0269234497100115
0.0538329146802425
0.0476649962365627
0.0476649962365627
0.0476649962365627
0.0476649962365627
0.0476649962365627
0.0476649962365627
0.0476649962365627
0.0476649962365627
0.0476649962365627
0.0412732996046543
0.0249234214425087
0.0728961154818535
0.0965188220143318
-0.0072868140414357
0.0115805799141526
0.0780430361628532
0.1813451647758484
0.0527419894933701
0.0365459620952606
0.0546581000089645
0.0476649962365627
0.0476649962365627
0.0476649962365627
0.0476649962365627
0.0476649962365627
0.0476649962365627
0.0476649962365627
0.0476649962365627
0.0476649962365627
0.0412732996046543
0.0249234214425087
0.0728961154818535
0.1088546514511108
0.0100281108170748
0.0419166646897793
-0.0029231174848974
0.1205751001834869
0.0624624043703079
0.0410635061562061
0.0567420460283756
0.0476649962365627
0.0476649962365627
0.0476649962365627
0.0476649962365627
0.0476649962365627
0.0476649962365627
0.0476649962365627
0.0476649962365627
0.0476649962365627
0.0412732996046543
0.0249234214425087
0.0728961154818535
0.1573728024959564
0.0356228724122047
-0.0800011083483696
-0.0019021242624149
0.1086448580026627
0.0468258224427700
0.0379725545644760
0.0531895495951176
0.0476649962365627
0.0476649962365627
0.0476649962365627
0.0476649962365627
0.0476649962365627
0.0476649962365627
0.0476649962365627
0.0476649962365627
0.0476649962365627
0.0412732996046543
0.0249234214425087
0.0728961154818535
0.0704205557703972
0.0267416294664145
-0.0861410498619080
0.0714415460824966
0.2436956763267517
0.0390075333416462
0.0329515039920807
0.0549238361418247
0.0476649962365627
0.0476649962365627
0.0476649962365627
0.0476649962365627
0.0476649962365627
0.0476649962365627
0.0476649962365627
0.0476649962365627
0.0476649962365627
0.0412732996046543
0.0249234214425087
0.0728961154818535
0.1486174464225769
-0.0739730522036552
-0.0180422086268663
0.1141414418816566
0.2773185372352600
0.0455950386822224
0.0451754517853260
0.0555112585425377
0.0476649962365627
0.0476649962365627
0.0476649962365627
0.0476649962365627
0.0476649962365627
0.0476649962365627
0.0476649962365627
0.0476649962365627
0.0476649962365627
0.0412732996046543
0.0249234214425087
0.0728961154818535
0.0270633120089769
-0.0180002488195896
0.0507279746234417
0.1497503221035004
0.2237653434276581
0.0464621819555759
0.0436789281666279
0.0560427345335484
0.0476649962365627
0.0476649962365627
0.0476649962365627
0.0476649962365627
0.0476649962365627
0.0476649962365627
0.0476649962365627
0.0476649962365627
0.0476649962365627
0.0412732996046543
0.0249234214425087
0.0728961154818535
0.0920851901173592
0.2653183639049530
0.2181708514690399
0.1880026012659073
0.1583378612995148
0.0506440587341785
0.0247835591435432
0.0407837815582752
0.0332172438502312
0.0332172438502312
0.0332172438502312
0.0332172438502312
0.0332172438502312
0.0332172438502312
0.0332172438502312
0.0332172438502312
0.0332172438502312
0.0234828423708677
0.0173988416790962
0.0778052732348442
0.1837787628173828
0.1086868196725845
0.2186044305562973
0.2134994566440582
0.3119903206825256
0.0746024325489998
0.0577210783958435
0.0825465992093086
0.0765045583248138
0.0765045583248138
0.0765045583248138
0.0765045583248138
0.0765045583248138
0.0765045583248138
0.0765045583248138
0.0765045583248138
0.0765045583248138
0.0723786279559135
0.0797353684902191
0.1099176034331322
0.1970376968383789
0.0650778263807297
0.0810360908508301
0.2495838701725006
0.1900725662708282
0.0557070635259151
-0.0025175174232572
0.0094826491549611
0.0101679731160402
0.0101679731160402
0.0101679731160402
0.0101679731160402
0.0101679731160402
0.0101679731160402
0.0101679731160402
0.0101679731160402
0.0101679731160402
0.0038182346615940
0.0308675598353148
0.0600567758083344
0.0786709487438202
0.1072003319859505
0.2073091566562653
0.3367425799369812
0.2096947878599167
-0.0174509622156620
0.0073420405387878
0.0311328675597906
0.0352396182715893
0.0352396182715893
0.0352396182715893
0.0352396182715893
0.0352396182715893
0.0352396182715893
0.0352396182715893
0.0352396182715893
0.0352396182715893
0.0248474702239037
0.0420696735382080
0.0332788340747356
0.1551959216594696
-0.0508060492575169
0.0003376902895980
-0.0082788588479161
0.0991611182689667
-0.1278974711894989
-0.0850434899330139
-0.0590522289276123
-0.0508169420063496
-0.0508169420063496
-0.0508169420063496
-0.0508169420063496
-0.0508169420063496
-0.0508169420063496
-0.0508169420063496
-0.0508169420063496
-0.0508169420063496
-0.0661764070391655
-0.0318627133965492
-0.0081154601648450
0.1484094411134720
-0.0509803406894207
-0.0988343283534050
-0.0433986485004425
0.0161873474717140
-0.0607733614742756
-0.0542374178767204
-0.0149346254765987
-0.0072766812518239
-0.0072766812518239
-0.0072766812518239
-0.0072766812518239
-0.0072766812518239
-0.0072766812518239
-0.0072766812518239
-0.0072766812518239
-0.0072766812518239
-0.0189215503633022
0.0080283144488931
0.0111437793821096
0.1656752228736877
-0.0156644731760025
-0.0244553126394749
0.1369824409484863
0.0928321555256844
-0.0793136507272720
-0.0601960197091103
-0.0160130560398102
-0.0087363747879863
-0.0087363747879863
-0.0087363747879863
-0.0087363747879863
-0.0087363747879863
-0.0087363747879863
-0.0087363747879863
-0.0087363747879863
-0.0087363747879863
-0.0224618520587683
-0.0072331083938479
0.0130936689674854
0.2098908573389053
0.0940848737955093
-0.1019606813788414
0.1303375661373138
0.1275924593210220
-0.1058495715260506
-0.0533877462148666
-0.0110457409173250
-0.0043899738229811
-0.0043899738229811
-0.0043899738229811
-0.0043899738229811
-0.0043899738229811
-0.0043899738229811
-0.0043899738229811
-0.0043899738229811
-0.0043899738229811
-0.0167864765971899
-0.0072004287503660
0.0145424688234925
0.1558495163917542
0.2218516319990158
-0.0322439782321453
-0.1100543588399887
-0.0327886380255222
-0.0955881401896477
-0.0495751127600670
-0.0106644770130515
-0.0043899738229811
-0.0043899738229811
-0.0043899738229811
-0.0043899738229811
-0.0043899738229811
-0.0043899738229811
-0.0043899738229811
-0.0043899738229811
-0.0043899738229811
-0.0167864765971899
-0.0072004287503660
0.0145424688234925
0.0821240991353989
0.0394879765808582
0.1245641484856606
0.0762417539954185
0.0351851508021355
-0.0458387359976768
-0.0332897268235683
-0.0081154601648450
-0.0043899738229811
-0.0043899738229811
-0.0043899738229811
-0.0043899738229811
-0.0043899738229811
-0.0043899738229811
-0.0043899738229811
-0.0043899738229811
-0.0043899738229811
-0.0167864765971899
-0.0072004287503660
0.0145424688234925
0.2306642532348633
-0.1184857189655304
-0.0218082573264837
0.0939759388566017
0.0701306462287903
-0.0604792423546314
-0.0407842732965946
-0.0081154601648450
-0.0043899738229811
-0.0043899738229811
-0.0043899738229811
-0.0043899738229811
-0.0043899738229811
-0.0043899738229811
-0.0043899738229811
-0.0043899738229811
-0.0043899738229811
-0.0167864765971899
-0.0072004287503660
0.0145424688234925
0.0340195745229721
0.0144988959655166
0.0780282467603683
0.0596404634416103
0.0539433024823666
-0.0871676728129387
-0.0649127885699272
-0.0061437846161425
-0.0043899738229811
-0.0043899738229811
-0.0043899738229811
-0.0043899738229811
-0.0043899738229811
-0.0043899738229811
-0.0043899738229811
-0.0043899738229811
-0.0043899738229811
-0.0167864765971899
-0.0072004287503660
0.0145424688234925
0.0522875301539898
-0.0824291110038757
0.0746186599135399
0.1299018263816833
0.0838016569614410
-0.1382569372653961
-0.0764269381761551
-0.0069934572093189
-0.0043899738229811
-0.0043899738229811
-0.0043899738229811
-0.0043899738229811
-0.0043899738229811
-0.0043899738229811
-0.0043899738229811
-0.0043899738229811
-0.0043899738229811
-0.0167864765971899
-0.0072004287503660
0.0145424688234925
0.0819389149546623
0.0734639763832092
-0.0170261263847351
0.2863504886627197
0.0735838040709496
-0.1304682791233063
-0.0713398009538651
-0.0063616493716836
-0.0043899738229811
-0.0043899738229811
-0.0043899738229811
-0.0043899738229811
-0.0043899738229811
-0.0043899738229811
-0.0043899738229811
-0.0043899738229811
-0.0043899738229811
-0.0167864765971899
-0.0072004287503660
0.0145424688234925
0.1645641028881073
-0.0080609945580363
0.0676905661821365
0.0148583734408021
-0.0043464009650052
-0.1219170913100243
-0.0581480897963047
-0.0062962900847197
-0.0043899738229811
-0.0043899738229811
-0.0043899738229811
-0.0043899738229811
-0.0043899738229811
-0.0043899738229811
-0.0043899738229811
-0.0043899738229811
-0.0043899738229811
-0.0167864765971899
-0.0072004287503660
0.0145424688234925
0.2526468038558960
0.0463289320468903
0.1673854589462280
0.0449563823640347
0.0135076120495796
-0.0884421765804291
-0.0561328418552876
-0.0047385576181114
-0.0043899738229811
-0.0043899738229811
-0.0043899738229811
-0.0043899738229811
-0.0043899738229811
-0.0043899738229811
-0.0043899738229811
-0.0043899738229811
-0.0043899738229811
-0.0167864765971899
-0.0072004287503660
0.0145424688234925
0.1156425848603249
0.0305446311831474
-0.0618408992886543
0.0780936032533646
0.0463398247957230
-0.0899127647280693
-0.0462853573262691
-0.0094226486980915
-0.0043899738229811
-0.0043899738229811
-0.0043899738229811
-0.0043899738229811
-0.0043899738229811
-0.0043899738229811
-0.0043899738229811
-0.0043899738229811
-0.0043899738229811
-0.0167864765971899
-0.0072004287503660
0.0145424688234925
0.1867536306381226
0.0684204101562500
-0.0073856133967638
0.1028975024819374
0.1289214342832565
-0.1029192879796028
-0.0574618168175220
-0.0125816864892840
-0.0043899738229811
-0.0043899738229811
-0.0043899738229811
-0.0043899738229811
-0.0043899738229811
-0.0043899738229811
-0.0043899738229811
-0.0043899738229811
-0.0043899738229811
-0.0167864765971899
-0.0072004287503660
0.0145424688234925
0.1726359874010086
0.0018736365018412
-0.0203267764300108
0.0056535890325904
0.0372330769896507
-0.1394225209951401
-0.0685075595974922
-0.0109694879502058
-0.0043899738229811
-0.0043899738229811
-0.0043899738229811
-0.0043899738229811
-0.0043899738229811
-0.0043899738229811
-0.0043899738229811
-0.0043899738229811
-0.0043899738229811
-0.0167864765971899
-0.0072004287503660
0.0145424688234925
0.0740522146224976
-0.0199564080685377
-0.0288670733571053
-0.0008714588475414
0.0610783696174622
-0.1082025095820427
-0.0648365393280983
-0.0070261368528008
-0.0043899738229811
-0.0043899738229811
-0.0043899738229811
-0.0043899738229811
-0.0043899738229811
-0.0043899738229811
-0.0043899738229811
-0.0043899738229811
-0.0043899738229811
-0.0167864765971899
-0.0072004287503660
0.0145424688234925
0.0707624554634094
0.1166883409023285
0.0371350385248661
0.0680500417947769
-0.0050435680896044
-0.0689541772007942
-0.0597820766270161
-0.0163834262639284
-0.0096514066681266
-0.0096514066681266
-0.0096514066681266
-0.0096514066681266
-0.0096514066681266
-0.0096514066681266
-0.0096514066681266
-0.0096514066681266
-0.0096514066681266
-0.0278322156518698
-0.0173311382532120
0.0222657732665539
-0.0794443637132645
-0.0321895107626915
-0.0385075882077217
0.1536599844694138
0.1662852317094803
-0.1133005395531654
-0.0799672380089760
-0.0343899428844452
-0.0216775387525558
-0.0216775387525558
-0.0216775387525558
-0.0216775387525558
-0.0216775387525558
-0.0216775387525558
-0.0216775387525558
-0.0216775387525558
-0.0216775387525558
-0.0449454896152020
-0.0214814599603415
0.0338343903422356
0.1315467059612274
0.0704465508460999
0.0241611953824759
0.1912307441234589
0.0665467754006386
-0.0990848690271378
-0.0792700722813606
-0.0473637878894806
-0.0331045426428318
-0.0331045426428318
-0.0331045426428318
-0.0331045426428318
-0.0331045426428318
-0.0331045426428318
-0.0331045426428318
-0.0331045426428318
-0.0331045426428318
-0.0476579032838345
-0.0170805938541889
0.0258714333176613
0.0289725326001644
0.0379588827490807
0.0414453148841858
0.0159186758100986
0.1503220349550247
0.0323103182017803
0.0035134600475430
-0.0589991025626659
-0.0577829033136368
-0.0577829033136368
-0.0577829033136368
-0.0577829033136368
-0.0577829033136368
-0.0577829033136368
-0.0577829033136368
-0.0577829033136368
-0.0577829033136368
-0.0429317802190781
-0.0169321745634079
-0.0072701596654952
0.1154036447405815
0.0092971557751298
-0.0575531795620918
-0.1501598805189133
-0.0279455203562975
0.0607423186302185
0.0365129560232162
-0.0746745392680168
-0.0727151110768318
-0.0727151110768318
-0.0727151110768318
-0.0727151110768318
-0.0727151110768318
-0.0727151110768318
-0.0727151110768318
-0.0727151110768318
-0.0727151110768318
-0.0415399074554443
0.0285401064902544
0.0213510263711214
-0.0196618624031544
-0.0651476532220840
-0.0166619084775448
-0.0579991154372692
0.0184726919978857
0.0841473639011383
0.0681205838918686
-0.0501073449850082
-0.0518505610525608
-0.0518505610525608
-0.0518505610525608
-0.0518505610525608
-0.0518505610525608
-0.0518505610525608
-0.0518505610525608
-0.0518505610525608
-0.0518505610525608
-0.0216888580471277
0.0389858931303024
0.0302292685955763
0.0109457792714238
-0.0706610828638077
-0.0587693750858307
-0.0723502486944199
-0.0093647222965956
0.0699448809027672
0.0698502883315086
-0.0420669279992580
-0.0459452457726002
-0.0459452457726002
-0.0459452457726002
-0.0459452457726002
-0.0459452457726002
-0.0459452457726002
-0.0459452457726002
-0.0459452457726002
-0.0459452457726002
-0.0115809049457312
0.0492154657840729
0.0241617951542139
0.1107956096529961
0.0302698090672493
0.0845527648925781
-0.0229726228863001
-0.0891067534685135
0.0334724634885788
0.0625531002879143
-0.0272428281605244
-0.0310535803437233
-0.0310535803437233
-0.0310535803437233
-0.0310535803437233
-0.0310535803437233
-0.0310535803437233
-0.0310535803437233
-0.0310535803437233
-0.