0.0294035784900188
0.1041518077254295
0.0084532033652067
-0.0835145115852356
0.0611552707850933
0.1246325597167015
0.1103612631559372
0.1156314685940742
-0.0566677674651146
-0.0941071063280106
-0.2217661291360855
-0.1366079300642014
-0.1207712218165398
-0.1831266433000565
0.0353521294891834
-0.0037569790147245
-0.0307080857455730
0.0153149077668786
-0.1554971933364868
-0.1936931461095810
-0.2084079831838608
-0.2227575480937958
-0.2751726210117340
-0.3170472979545593
-0.1198058873414993
-0.0956203341484070
-0.1375210881233215
-0.1199885159730911
-0.1518706679344177
-0.1243455708026886
-0.1273981183767319
-0.1197276189923286
-0.2103125602006912
-0.2225749194622040
-0.1285460889339447
-0.0863322466611862
-0.0210808273404837
-0.1219191923737526
-0.1183970198035240
0.1351468861103058
0.0036004383582622
0.1199363395571709
0.0917850881814957
0.0879759266972542
0.0759744644165039
0.0088184643536806
0.1059520244598389
-0.0294818505644798
-0.0740177035331726
0.2203833460807800
0.1842745989561081
0.2503609061241150
0.3025150895118713
0.2465778440237045
0.1993286162614822
0.0448228493332863
0.0739133432507515
-0.0377002395689487
0.0063920826651156
0.2531525492668152
0.2087471485137939
0.2533612847328186
0.3900735676288605
0.2423773258924484
0.2246882170438766
0.0250204373151064
0.0202720332890749
0.0235072094947100
0.0286469645798206
0.3424851596355438
0.1487659364938736
0.1568799614906311
0.1192058175802231
0.0123928133398294
0.2384377270936966
0.2616318464279175
0.3411023914813995
0.3853773474693298
0.2005809396505356
0.6047692894935608
0.0036265284288675
0.0526237972080708
-0.0105665037408471
-0.1301897615194321
0.1261979639530182
0.2132085561752319
0.3612700700759888
0.3133685886859894
-0.1065521016716957
0.2783817052841187
-0.0425790958106518
0.0466752462089062
0.0257248710840940
-0.0216809008270502
0.0905066728591919
-0.0086358338594437
-0.0739133432507515
0.0158106200397015
-0.2349416464567184
-0.0031047258526087
-0.0220064409077168
-0.0052303550764918
-0.1500666737556458
-0.3065878450870514
-0.3403625786304474
-0.3797849714756012
-0.2165311276912689
0.0143556548282504
-0.1319551765918732
-0.0317438021302223
-0.1682616323232651
-0.1445859372615814
-0.1526540368795395
-0.2235698550939560
-0.1736589074134827
-0.2504171431064606
-0.1793344020843506
-0.0957600101828575
-0.2824669778347015
-0.1926050484180450
-0.0714166015386581
-0.0070109013468027
-0.0624025873839855
-0.1142331808805466
-0.1739649474620819
-0.2347260862588882
-0.3175493180751801
-0.2545903027057648
-0.3554972112178802
-0.2482471168041229
-0.1368795037269592
-0.0606220401823521
-0.1316769719123840
-0.0736979246139526
-0.0901401638984680
-0.1128143072128296
-0.1633094847202301
-0.2855273187160492
-0.3815655410289764
-0.3703814744949341
-0.1422489583492279
0.0398675464093685
-0.0124081829562783
0.1289226859807968
-0.0021422198042274
-0.1789449155330658
-0.1886266320943832
-0.2879477441310883
-0.3993153572082520
-0.4449418485164642
-0.0079846372827888
0.1309814453125000
0.1167648956179619
0.1128977686166763
-0.1364621818065643
-0.3447583019733429
-0.3509067296981812
-0.5381144881248474
-0.5247604250907898
-0.5004726648330688
-0.1956097185611725
-0.1703760325908661
-0.2177274376153946
-0.2398173362016678
-0.3608666658401489
-0.5971785783767700
-0.5681612491607666
-0.6972230076789856
-0.4213217794895172
-0.3120407462120056
-0.3773367404937744
-0.4912917017936707
-0.5644610524177551
-0.5832402110099792
-0.6095032691955566
-0.6720171570777893
-0.4998049437999725
-0.5684394240379333
-0.4002056121826172
-0.3175771534442902
-0.5407853126525879
-0.7569547891616821
-0.8983969092369080
-0.9121405482292175
-0.8363560438156128
-0.7854991555213928
-0.5253168344497681
-0.5297681689262390
-0.3830400407314301
-0.3233082890510559
-0.4706206619739532
-0.6613060832023621
-0.7545065283775330
-0.7216777205467224
-0.6713216304779053
-0.6416643857955933
-0.4736253321170807
-0.4316990375518799
-0.3294845521450043
-0.2180891185998917
0.2551053762435913
-0.1187925487756729
-0.0776815414428711
0.1179041936993599
0.2560431063175201
0.2273690253496170
0.1749315261840820
0.0486126542091370
0.0349418856203556
0.0990760400891304
0.4189078211784363
0.1977325826883316
0.0506114475429058
0.0722527131438255
0.0370147116482258
0.0479463897645473
0.1737964004278183
0.0867624804377556
0.0873547196388245
0.1505264937877655
0.3536138832569122
0.2728971242904663
0.1927479356527328
0.1967702060937881
0.1915387958288193
0.1739938110113144
0.1550916433334351
0.1729574054479599
0.1286878138780594
0.1427287310361862
0.2356850057840347
0.2589795887470245
0.2002495825290680
0.2577704489231110
0.2741556167602539
0.2577951252460480
0.2189790308475494
0.3229656815528870
0.2419281452894211
0.1162261888384819
0.3011270165443420
0.2861483991146088
0.3236566185951233
0.2707749605178833
0.3767850697040558
0.2446425557136536
0.1727599948644638
0.2643590569496155
0.2442724108695984
0.1101804524660110
0.1135364547371864
-0.0246271211653948
0.0906860381364822
-0.0083653246983886
0.0084393536671996
-0.0122888842597604
0.0545843616127968
0.2046913504600525
0.2591769993305206
0.1125987470149994
-0.0477489754557610
-0.4288524389266968
-0.4344786703586578
-0.4577239155769348
-0.3344896137714386
-0.1708845794200897
-0.1555358171463013
-0.2029639929533005
-0.0324248857796192
0.0202100314199924
0.1999287903308868
-0.3789319396018982
-0.3411028981208801
-0.3211643099784851
-0.3890739679336548
-0.3366611301898956
-0.3674326837062836
-0.3793514370918274
0.0100926775485277
0.1313775479793549
0.3199304938316345
-0.2239883542060852
-0.3020893931388855
-0.4475325345993042
-0.6025254726409912
-0.4545159637928009
-0.3889752626419067
-0.2225324362516403
0.1054672524333000
0.2444944977760315
0.1125740706920624
-0.3117132186889648
-0.4028927981853485
-0.4137504398822784
-0.4819562137126923
-0.3993147015571594
-0.3610908389091492
-0.2867899835109711
-0.1612360775470734
0.0815804228186607
-0.1639704555273056
0.1390199661254883
0.1400742083787918
0.0271644163876772
-0.0964284092187881
0.0852885320782661
0.1480513364076614
0.2192832529544830
0.1968629509210587
-0.0149000156670809
-0.3974860310554504
0.0774871110916138
0.3184878528118134
0.2412818670272827
-0.0286403615027666
0.1146668717265129
0.2410358786582947
0.2248707562685013
0.1615808308124542
-0.0250559225678444
-0.4024058580398560
-0.1448885947465897
0.2068080008029938
0.1964763849973679
-0.0224203076213598
0.0493035912513733
0.1816817969083786
0.3494124114513397
0.3549647629261017
0.0772762596607208
-0.5372791290283203
-0.2882309854030609
0.0018625019583851
0.0988531708717346
0.1246470659971237
0.1174079105257988
0.1939110606908798
0.2220945805311203
0.3851513564586639
0.3007062077522278
-0.5653572082519531
-0.3833942711353302
-0.1470322310924530
-0.0350712649524212
0.0890135392546654
0.2305636852979660
0.0814581066370010
-0.0582646839320660
0.0967446789145470
0.2283849120140076
-0.5282477140426636
-0.3229156732559204
-0.3045717775821686
-0.2748068869113922
-0.1802761405706406
-0.0390422604978085
-0.2163665145635605
-0.3358126282691956
-0.2557953298091888
-0.1106255948543549
-0.3073831200599670
-0.3623093664646149
-0.4606705307960510
-0.5556932687759399
-0.4857967495918274
-0.3153953850269318
-0.2595905959606171
-0.1135774776339531
-0.1802058517932892
-0.4162164926528931
-0.0708805024623871
-0.1386685520410538
-0.3702864944934845
-0.3335987031459808
-0.0685611590743065
-0.1356463730335236
-0.1917674243450165
-0.0623411051928997
-0.2388922423124313
-0.6312476396560669
0.1848796755075455
0.1456617116928101
-0.1245065033435822
0.0706345066428185
0.1873747259378433
-0.1270015537738800
-0.2728741168975830
0.0720401704311371
0.0091016609221697
-0.4097855985164642
0.1518466323614120
0.2512269318103790
-0.0238962527364492
-0.0925276950001717
-0.0695451200008392
-0.1397227942943573
-0.2482047528028488
0.0140566192567348
0.0355281047523022
-0.2594851851463318
-0.1246935352683067
-0.0304397884756327
0.0113839861005545
-0.0440157242119312
-0.1584566086530685
-0.1627344340085983
-0.2154118865728378
-0.2439779192209244
-0.2710237205028534
-0.1169156581163406
-0.2993422746658325
-0.4642686545848846
-0.4996580183506012
-0.4555008709430695
-0.5674669742584229
-0.5160269141197205
-0.6664581298828125
-0.7020949721336365
-0.6813421845436096
-0.2561750411987305
-0.3799847364425659
-0.6550741791725159
-0.7661564350128174
-0.6653268337249756
-0.7517673373222351
-0.6343567371368408
-0.6581499576568604
-0.7193830609321594
-0.6449629068374634
-0.1928206831216812
-0.4135003089904785
-0.7467824220657349
-0.8544353246688843
-0.7366712093353271
-0.6413568258285522
-0.6598469614982605
-0.7916820049285889
-0.7790252566337585
-0.7340903282165527
-0.3148273229598999
-0.1089963614940643
-0.5011782050132751
-0.6447861790657043
-0.5782145857810974
-0.4180609881877899
-0.2757611572742462
-0.2547962367534637
-0.4849860966205597
-0.6382456421852112
-0.3371003270149231
0.1040821596980095
-0.0109950918704271
-0.0223083700984716
-0.0464197956025600
-0.1721386015415192
-0.0784505158662796
0.0264801420271397
-0.1788558512926102
-0.6706299185752869
-0.4883447289466858
0.3138020634651184
0.4795769453048706
0.4112023115158081
0.3911565840244293
0.1622748374938965
0.1554515063762665
0.1227490678429604
-0.1221834048628807
-0.4311065971851349
-0.3741159737110138
0.0069293826818466
0.1361128836870193
0.2085178643465042
0.0091213304549456
-0.1736234724521637
-0.2388162314891815
-0.1966035664081573
-0.2161896824836731
-0.0686928108334541
-0.2701398730278015
-0.3389033973217010
-0.3876565396785736
-0.4199347496032715
-0.6521397829055786
-0.5537849664688110
-0.3297466933727264
-0.3285446763038635
-0.4084447026252747
-0.2170028239488602
-0.4022577404975891
-0.1060619801282883
-0.1229258403182030
0.0019091157009825
-0.2494224309921265
-0.3218274116516113
-0.3355801105499268
-0.2404425144195557
-0.3099131286144257
0.0160153601318598
-0.2416092008352280
0.0440011695027351
0.0474256947636604
0.0316901318728924
0.0313848443329334
0.0458528026938438
0.0522970147430897
0.0191534496843815
0.0034377987030894
-0.0243366938084364
0.0045461235567927
0.0336147695779800
0.0266197118908167
0.0309534613043070
0.0333891212940216
0.0373711287975311
0.0649067014455795
0.0287102647125721
0.0210183560848236
-0.0196910202503204
-0.0009888649219647
0.0074795349501073
-0.0264537949115038
-0.0153904538601637
-0.0087205935269594
-0.0221864115446806
-0.0175274647772312
-0.0373777635395527
-0.0169102530926466
-0.0315972194075584
0.0068424139171839
-0.0252260100096464
-0.0653314515948296
-0.0963380038738251
-0.1135535463690758
-0.1175620928406715
-0.1026760265231133
-0.0995501577854156
-0.0639111995697021
-0.0271174628287554
0.0055349883623421
-0.0293009281158447
-0.0661809444427490
-0.1244376897811890
-0.1581321060657501
-0.1472214013338089
-0.1370938420295715
-0.1145689561963081
-0.0790826454758644
-0.0238455794751644
0.0180451255291700
-0.0136516448110342
-0.0408620201051235
-0.1208207011222839
-0.1650143414735794
-0.1327800005674362
-0.1005522906780243
-0.0657097399234772
-0.0531398728489876
-0.0293407496064901
0.0157289244234562
0.0003318338422105
-0.0098687382414937
-0.0268519949167967
-0.0614888109266758
0.0065902201458812
0.0477442555129528
0.1230307146906853
0.1252340972423553
0.0953425019979477
0.0780871435999870
0.0433640480041504
0.1040763705968857
0.1723545044660568
0.1920853406190872
0.3129458725452423
0.3822327852249146
0.4413124620914459
0.3638823628425598
0.2408582866191864
0.1726863384246826
0.0925683677196503
0.1878245919942856
0.2926044464111328
0.3526199162006378
0.4529664814472198
0.4794932603836060
0.5105064511299133
0.3739303052425385
0.2666484117507935
0.1761374026536942
0.0905840024352074
0.1811414659023285
0.2437385916709900
0.2607284784317017
0.2595139741897583
0.2508133053779602
0.2433868497610092
0.1856477707624435
0.1330653727054596
0.0933448597788811
0.1464861631393433
-0.0689677000045776
0.0157104432582855
0.0152382366359234
-0.0179055668413639
-0.0482033677399158
-0.0128006292507052
0.0228445939719677
-0.0546866394579411
0.0644881203770638
0.2279992550611496
-0.0723241940140724
0.0123794721439481
0.0033054468221962
-0.0329651311039925
-0.0306806713342667
-0.0099801514297724
0.0372149907052517
-0.0353899747133255
0.1139039099216461
0.1456310898065567
-0.0931650996208191
-0.0741619691252708
-0.0845888033509254
-0.1500851511955261
-0.1503914445638657
-0.1605119854211807
-0.0834274366497993
-0.1029027700424194
0.0660961717367172
0.0191818010061979
-0.1736444383859634
-0.1987224370241165
-0.2207885235548019
-0.2723484039306641
-0.2482530921697617
-0.1818506121635437
-0.1347575783729553
-0.1405389159917831
-0.0823043435811996
-0.0208281427621841
-0.2340103089809418
-0.2886841893196106
-0.3248143792152405
-0.3270350396633148
-0.2630701661109924
-0.0954367965459824
-0.0089719267562032
-0.0494030267000198
-0.0924886986613274
-0.0147149804979563
-0.1853857934474945
-0.2207629978656769
-0.2238259613513947
-0.1565428972244263
-0.0437493100762367
0.2040443271398544
0.2577737867832184
0.1969484686851501
0.0292130019515753
0.0921313539147377
0.0608763732016087
0.0577240735292435
0.0732686072587967
0.1062465012073517
0.1142612546682358
0.2083580046892166
0.2464791238307953
0.2074646353721619
0.1375142335891724
0.1961699724197388
0.2404425293207169
0.1891251504421234
0.1859600991010666
0.2514819502830505
0.2914153337478638
0.3579199016094208
0.3304936289787292
0.1379992067813873
0.1087479218840599
0.2674093544483185
0.3120137453079224
0.3298299908638000
0.3301362693309784
0.2973242998123169
0.2225624918937683
0.1623242348432541
0.1446356326341629
0.0749021917581558
0.1727255433797836
0.1338386833667755
0.0693122819066048
0.0429069958627224
0.0113329598680139
0.0356962718069553
0.0821384340524673
0.0900255665183067
0.0356452241539955
-0.0402396656572819
0.0983976572751999
-0.2205589562654495
-0.1564128845930099
-0.1549205780029297
-0.2628100216388702
-0.3369825482368469
-0.3806093633174896
-0.3678780794143677
-0.4737622141838074
-0.4098260104656219
-0.2024413645267487
-0.2408450692892075
-0.2043766975402832
-0.1668124347925186
-0.2420808821916580
-0.3814254701137543
-0.4275005757808685
-0.4188964664936066
-0.5356698036193848
-0.4556912779808044
-0.2577035129070282
-0.1487881094217300
-0.1381553858518600
-0.0992620214819908
-0.1810127049684525
-0.2345960140228271
-0.3011437654495239
-0.3528616726398468
-0.4247491359710693
-0.3453534841537476
-0.2227974236011505
-0.0698355063796043
-0.2508248984813690
-0.2146363407373428
-0.1718956083059311
-0.2721136510372162
-0.3630513846874237
-0.3420657515525818
-0.2894850969314575
-0.2286034524440765
-0.2373474538326263
-0.0666876658797264
-0.2579366862773895
-0.2087137401103973
-0.1338883042335510
-0.2898115217685699
-0.3640073835849762
-0.3320859074592590
-0.3016800582408905
-0.2920500040054321
-0.2878761887550354
-0.0175113417208195
-0.3390578031539917
-0.3025195002555847
-0.1990370303392410
-0.3273291587829590
-0.2886223495006561
-0.4093363583087921
-0.3409231901168823
-0.2787590920925140
-0.2458349764347076
-0.0131743112578988
-0.1493244022130966
-0.0715143606066704
0.0523708015680313
-0.0486400239169598
-0.0941788405179977
-0.2291164249181747
-0.1632215529680252
-0.2455318570137024
-0.2722768783569336
0.0232707299292088
-0.0601588003337383
0.0481736771762371
-0.0083942515775561
-0.1902463883161545
-0.4211349189281464
-0.4814336299896240
-0.2843319475650787
-0.2880627214908600
-0.2434099763631821
-0.0669907927513123
-0.1569025516510010
-0.1007077023386955
-0.3462628722190857
-0.4382498860359192
-0.5790401101112366
-0.3520689010620117
-0.3040351271629333
-0.2867802679538727
-0.2673569023609161
-0.0155060477554798
0.0681566596031189
0.3445140719413757
0.2656314373016357
0.1810826510190964
0.0015622634673491
0.0028447185177356
-0.0202161557972431
0.0663845390081406
0.0413883216679096
-0.0968376845121384
-0.1222713217139244
-0.0949888750910759
0.0160896461457014
0.0616603232920170
0.0024983922485262
0.0548646934330463
-0.0265329256653786
0.1973230242729187
0.0724533796310425
-0.0632093250751495
-0.1373116374015808
-0.0945391654968262
-0.0002998070849571
0.3135482370853424
0.1696908026933670
0.1534512490034103
0.0643585845828056
0.2296522259712219
0.0453208349645138
0.1733884215354919
0.1276178807020187
0.1235704869031906
0.2350487560033798
0.5088225603103638
0.3366333842277527
0.2171602547168732
-0.0514169149100780
0.0468198731541634
-0.0231850799173117
0.4123846292495728
0.3089012205600739
0.2476906180381775
0.1909271478652954
0.2591832280158997
0.3072023093700409
0.1430579423904419
-0.0088942768052220
-0.2612818777561188
-0.2516380846500397
0.5558423399925232
0.5422011017799377
0.3137481212615967
0.2102646976709366
-0.1689412891864777
-0.3369831442832947
-0.4451135694980621
-0.2525374889373779
-0.4333211481571198
-0.2018201351165771
0.2935111224651337
0.2114139646291733
-0.1211220622062683
-0.3669638633728027
-0.9187088012695312
-1.0342345237731934
-0.8464053273200989
-0.3924974203109741
-0.1470054090023041
-0.2317008972167969
-0.3625666797161102
-0.4464627206325531
-0.8233701586723328
-0.9026691317558289
-0.9651289582252502
-0.8801336288452148
-0.6509311199188232
-0.5111210942268372
-0.0451209656894207
0.0791990384459496
-0.5477475523948669
-0.5668852329254150
-0.6681200861930847
-0.7987360358238220
-0.7922402024269104
-0.6430861949920654
-0.1650438010692596
-0.3786063790321350
0.3121491372585297
0.2181096524000168
-0.4257260560989380
0.0661074593663216
-0.0101934410631657
-0.2431935071945190
-0.3221926689147949
-0.0111428294330835
0.0838960111141205
-0.1725889444351196
0.1572488099336624
0.1267184615135193
-0.1561994850635529
0.0976371690630913
0.0028981349896640
-0.1179740875959396
-0.2124133110046387
-0.0577128641307354
0.0698550492525101
0.0499178767204285
-0.0134913185611367
-0.0664072707295418
-0.0518325045704842
-0.1697523593902588
-0.0665588825941086
-0.0004715343238786
-0.0196593534201384
0.0171928666532040
-0.0794354006648064
-0.0952499359846115
-0.0780933350324631
-0.1776596307754517
-0.2675775885581970
-0.2993154823780060
-0.2710959613323212
-0.2716763019561768
-0.3233637213706970
-0.2724380195140839
-0.4285158812999725
-0.2606133818626404
-0.1397917866706848
-0.2345339208841324
-0.2687020301818848
-0.5053396821022034
-0.5551409721374512
-0.5010958909988403
-0.5885836482048035
-0.4765761196613312
-0.4842657446861267
-0.2206780612468719
-0.2057703286409378
-0.2776249051094055
-0.3898863494396210
-0.7217014431953430
-0.5802048444747925
-0.5707015991210938
-0.7255099415779114
-0.5864436030387878
-0.5900707840919495
-0.4346458315849304
-0.2569499313831329
-0.1331903040409088
-0.4711716175079346
-0.7519521713256836
-0.5348650217056274
-0.5853554606437683
-0.5993564128875732
-0.4283345341682434
-0.3673977851867676
-0.1833543032407761
0.0960116460919380
-0.0129490578547120
-0.5321809053421021
-0.6281562447547913
-0.3843730092048645
-0.3119380772113800
-0.1988061219453812
-0.0064563928171992
-0.1779498010873795
-0.1888313591480255
-0.0568017512559891
-0.0050417901948094
-0.2800913751125336
-0.2119002640247345
0.0384844541549683
0.1711669564247131
0.1221999302506447
0.2006559967994690
-0.2731634676456451
-0.2556804120540619
-0.0972086116671562
-0.1017425954341888
-0.1375066637992859
-0.2668884396553040
-0.3387430012226105
-0.0980428680777550
-0.1849139928817749
-0.2398658841848373
-0.5145527720451355
-0.3728385567665100
-0.3296387791633606
-0.2605771124362946
-0.2184654772281647
-0.6656250953674316
-0.9608418941497803
-0.7284842729568481
-0.6452766060829163
-0.4958364665508270
-0.3619570136070251
-0.3191199302673340
-0.3662370741367340
-0.6083880662918091
-0.2100141346454620
-0.3919538259506226
-0.5798058509826660
-0.1459580063819885
0.0100473081693053
-0.0463917218148708
-0.0997839197516441
-0.1951063871383667
-0.1981894969940186
-0.3761030435562134
0.2132057398557663
0.0643248856067657
-0.0497064292430878
-0.0749264806509018
-0.0515406168997288
-0.0164893288165331
0.0082905190065503
-0.0072266911156476
-0.0261921696364880
0.0801722556352615
0.1426262706518173
0.0637746304273605
-0.0524026826024055
-0.1911588311195374
-0.2584367394447327
-0.1662872731685638
-0.0886645317077637
0.0632794052362442
0.0548604913055897
0.1508801132440567
0.0259720683097839
0.0122523596510291
-0.1301721483469009
-0.2666172087192535
-0.2286312282085419
-0.2153700739145279
-0.1661221832036972
-0.0737159177660942
-0.0746880397200584
-0.0154988681897521
-0.2028792649507523
-0.1696071475744247
-0.2209093123674393
-0.2851058244705200
-0.2740640044212341
-0.3573176860809326
-0.4287042021751404
-0.2878937721252441
-0.1873070299625397
-0.1527876555919647
-0.1744677275419235
-0.2170575261116028
-0.3973762989044189
-0.4120314419269562
-0.4071708619594574
-0.3145444989204407
-0.2289797365665436
-0.2415989339351654
-0.1480187773704529
-0.1089689657092094
-0.1344274580478668
-0.0759903118014336
-0.2276591211557388
-0.1942035704851151
-0.2519437372684479
-0.2676443755626678
-0.0685068294405937
-0.1033746972680092
-0.0794752612709999
-0.1165624931454659
0.0152420820668340
0.1186167821288109
-0.0378575921058655
-0.0581987090408802
-0.0816212594509125
-0.0639763921499252
0.1415624469518661
-0.0639397129416466
-0.0122890435159206
-0.0394166484475136
0.0190021637827158
0.1761551797389984
0.2308689355850220
0.1852894276380539
0.0231657642871141
-0.0009170927805826
0.1370503455400467
-0.2393612265586853
0.0393432825803757
0.0079236822202802
-0.0426631569862366
0.0896733328700066
0.1350327432155609
0.0564562343060970
0.0074101099744439
0.1634993106126785
0.1834002137184143
-0.1922593414783478
0.1601794362068176
0.1616100966930389
-0.1192954331636429
-0.1324098557233810
-0.1022191643714905
-0.2098491787910461
-0.1249814108014107
0.0317680947482586
0.1627656370401382
-0.0363535583019257
0.1041083782911301
0.1015771999955177
0.0451609604060650
0.0527400113642216
0.0589271448552608
0.0542266741394997
0.0650851279497147
0.0657045692205429
0.0544453002512455
0.0350093990564346
0.0041757673025131
0.0158722884953022
0.0405843779444695
0.0495699271559715
0.0622721314430237
0.0775031149387360
0.1005317792296410
0.1068136468529701
0.0704779103398323
0.0689329504966736
0.0210027247667313
0.0346377342939377
-0.0076300669461489
-0.0138900736346841
-0.0092333285138011
0.0017635875847191
-0.0067774234339595
-0.0013190468307585
-0.0408977419137955
-0.0053126253187656
-0.0082057835534215
0.0182407423853874
-0.0391633026301861
-0.0918377265334129
-0.1266503632068634
-0.1496061533689499
-0.1432805508375168
-0.1364375501871109
-0.1263734400272369
-0.0835663601756096
-0.0276052467525005
0.0063620326109231
-0.0473326481878757
-0.1061359047889709
-0.1679780632257462
-0.2225326895713806
-0.2150702327489853
-0.1940237879753113
-0.1489502787590027
-0.1005609259009361
-0.0399867966771126
-0.0033231235574931
-0.0215857289731503
-0.0681823343038559
-0.1383614540100098
-0.1881791651248932
-0.1636492609977722
-0.1345646381378174
-0.0860222652554512
-0.0520987063646317
-0.0295728854835033
0.0061069685034454
0.0079288566485047
-0.0084098344668746
-0.0435212589800358
-0.0820578336715698
-0.0389519631862640
-0.0033158361911774
0.0910433828830719
0.1037237271666527
0.0853736698627472
0.0580016262829304
0.0523246228694916
0.1126364022493362
0.1511656939983368
0.1807750165462494
0.2593056559562683
0.3182036578655243
0.3770797848701477
0.3127234280109406
0.2200403362512589
0.1397388130426407
0.0967859774827957
0.1921435892581940
0.2578408718109131
0.3111128807067871
0.3804903626441956
0.4085328578948975
0.4171904921531677
0.3248863518238068
0.2510634362697601
0.1567260921001434
0.0836975350975990
0.1780494600534439
0.2015445381402969
0.2160176187753677
0.1889662146568298
0.1949711591005325
0.1817223876714706
0.1429890543222427
0.1145894676446915
0.0647790506482124
-0.1325479149818420
-0.1155206188559532
-0.1122628450393677
0.0317524224519730
0.1609991192817688
0.1259672045707703
0.1080711781978607
-0.1109597384929657
-0.1165196672081947
-0.2710032463073730
-0.3737533986568451
-0.3294911384582520
-0.3693228363990784
-0.3014308512210846
-0.1180616840720177
-0.1414742022752762
-0.0819872766733170
-0.2238089740276337
-0.1479246020317078
-0.3046234548091888
-0.2050007730722427
-0.0453699119389057
-0.0343803614377975
0.0128573430702090
0.0663499683141708
-0.0049735330976546
-0.0155721530318260
-0.0751893892884254
-0.0891760960221291
-0.1236867681145668
0.0293416716158390
0.0797285586595535
0.0713886544108391
-0.0049083773046732
0.0001303109020228
-0.0580969452857971
-0.1091788187623024
-0.1860405355691910
-0.1552220135927200
-0.0312094613909721
-0.0330772511661053
-0.1858450770378113
-0.1834125965833664
-0.3627421259880066
-0.4153660237789154
-0.6307047605514526
-0.6762701869010925
-0.5235023498535156
-0.3824190795421600
-0.1058993265032768
-0.1370219141244888
-0.5618137717247009
-0.5967153310775757
-0.8823351263999939
-0.6892144083976746
-0.7291329503059387
-0.6188030242919922
-0.5476315617561340
-0.4057881534099579
-0.2139922231435776
-0.2674196958541870
-0.6777253150939941
-0.7174484133720398
-0.9490977525711060
-0.8110985159873962
-0.8559688925743103
-0.7794329524040222
-0.6936666965484619
-0.5104278326034546
-0.3039719164371490
-0.2399675399065018
-0.6544213891029358
-0.9437767267227173
-1.2366504669189453
-1.2359771728515625
-1.3586866855621338
-1.2438610792160034
-1.2171473503112793
-1.0794521570205688
-0.6510984301567078
-0.2751731872558594
-0.4985912442207336
-0.7129309773445129
-0.9413442611694336
-1.2808693647384644
-1.5293288230895996
-1.4842846393585205
-1.3146849870681763
-1.0903548002243042
-0.6786808967590332
-0.4430353641510010
-0.8251503705978394
-1.0583417415618896
-1.1765553951263428
-1.3087775707244873
-1.2529393434524536
-1.0363843441009521
-0.7949182391166687
-0.7407088875770569
-0.5585125684738159
-0.1105536445975304
-0.0397419147193432
0.1264005005359650
-0.0879063680768013
-0.0770194530487061
-0.0875944197177887
-0.0940517038106918
0.0635433867573738
0.2722664177417755
0.2017042487859726
0.2894546389579773
0.2616602778434753
0.4461450874805450
0.3710597157478333
0.3809483945369720
0.2591334879398346
0.1774660497903824
0.1177907884120941
0.1334816664457321
0.2381707280874252
0.1599346846342087
0.1557234227657318
0.4534446299076080
0.5540159940719604
0.3843173980712891
0.2576985359191895
0.2075688391923904
0.1022246852517128
0.0841006264090538
0.1771852970123291
-0.0849740803241730
-0.0280751362442970
0.1356029063463211
0.3805428743362427
0.3607342839241028
0.2833405137062073
0.2089101970195770
0.1232186481356621
0.1986159831285477
0.1360084414482117
-0.0742743313312531
-0.1237177625298500
-0.1217213124036789
-0.0094519620761275
0.1440566331148148
0.1215653344988823
-0.0828840360045433
-0.2209825068712234
-0.0627011358737946
0.0361233428120613
-0.1290832310914993
-0.1657056957483292
-0.3187151849269867
-0.4599643051624298
-0.3367144465446472
-0.5352368354797363
-0.5970645546913147
-0.6022428274154663
-0.3977310955524445
-0.1880098283290863
-0.2149619609117508
-0.3114156424999237
-0.4897863268852234
-0.6527156829833984
-0.6416104435920715
-0.7850743532180786
-0.6790127754211426
-0.6021180748939514
-0.5663378834724426
-0.4375977814197540
-0.2986258566379547
-0.3020260632038116
-0.5729511380195618
-0.8024809360504150
-0.8081583976745605
-0.8318350911140442
-0.7140130996704102
-0.5222287178039551
-0.5067561864852905
-0.4828299283981323
-0.1536021828651428
-0.4146073758602142
-0.6120691299438477
-0.5537664294242859
-0.5727327466011047
-0.6259819269180298
-0.6088560819625854
-0.3368080556392670
-0.2061962783336639
-0.1365699321031570
0.0691896155476570
-0.1162934526801109
-0.2984074950218201
-0.3272312879562378
-0.3888094425201416
-0.3845357596874237
-0.4143890142440796
-0.2933851778507233
-0.1357588768005371
-0.0602991506457329
0.1085439249873161
0.2864627540111542
0.0681798085570335
-0.0656999945640564
0.0737369656562805
0.1792632937431335
0.2123074978590012
0.2185518294572830
0.1390784382820129
-0.0546454265713692
-0.2591848373413086
-0.2366275489330292
-0.2952167689800262
-0.4621407687664032
-0.3489658832550049
-0.3242574334144592
-0.2860743403434753
-0.1952774822711945
-0.2469053119421005
-0.1998785734176636
-0.1213612481951714
-0.2129349112510681
-0.2037327289581299
-0.4552391469478607
-0.4630072116851807
-0.3925866186618805
-0.2788440585136414
-0.1447551101446152
-0.0683291926980019
-0.0364203266799450
-0.1067512929439545
-0.2094094008207321
-0.1227953583002090
-0.2210017591714859
-0.1955762505531311
-0.2543447315692902
-0.2095587849617004
-0.2447242736816406
-0.1452928930521011
0.0962643921375275
-0.1463385969400406
-0.1999980807304382
-0.0278455652296543
0.0197189617902040
0.0461602993309498
0.0733186900615692
-0.1007459685206413
-0.0440390147268772
-0.0393184162676334
0.1178058609366417
-0.2199261784553528
-0.3052555024623871
-0.0478931777179241
0.0923205986618996
0.0858372375369072
0.1267988979816437
-0.2334306836128235
-0.2041211426258087
-0.1767834872007370
0.1532999873161316
-0.1927976757287979
-0.3251238465309143
-0.2591250836849213
-0.2007151395082474
-0.2493851184844971
-0.1463087201118469
-0.3984724283218384
-0.3058829307556152
-0.2585574388504028
-0.0741851255297661
-0.2035534679889679
-0.3074066638946533
-0.4632761180400848
-0.5032517910003662
-0.3763931691646576
-0.5094961524009705
-0.7417914867401123
-0.6792286038398743
-0.5541028380393982
-0.2979654669761658
-0.1449343711137772
-0.2272162288427353
-0.5875653028488159
-0.6943464875221252
-0.8141541481018066
-0.9094624519348145
-0.7931803464889526
-0.4198645055294037
-0.5005927681922913
-0.3711048960685730
-0.3220166265964508
-0.3855654597282410
-0.5857726931571960
-0.7252694368362427
-0.7723260521888733
-0.8368309140205383
-0.7923437356948853
-0.4726874232292175
-0.3994284868240356
-0.2798897624015808
0.1569678932428360
0.2704893052577972
0.0247844029217958
0.0915031358599663
-0.0098842559382319
-0.0120602678507566
-0.0857496112585068
-0.1325522959232330
-0.1423996686935425
0.0440365746617317
0.0302797555923462
0.1449076235294342
-0.0795166268944740
0.1566728353500366
0.1833381950855255
0.1303762942552567
-0.0246368777006865
-0.1143696978688240
-0.0582728534936905
-0.0427457205951214
-0.0887001305818558
0.0142731610685587
-0.1346914321184158
-0.0073394291102886
0.1213034242391586
0.1137058287858963
0.0409385226666927
-0.1555663943290710
-0.0043889046646655
-0.1185004264116287
0.1201232150197029
-0.0180350784212351
-0.0677882954478264
-0.0446635596454144
0.1273888796567917
0.1200494542717934
0.0262965466827154
-0.0059010484255850
0.0348899476230145
-0.1573366969823837
0.2071267962455750
0.1818260550498962
0.1489277034997940
0.1681061238050461
0.1396704465150833
0.1206764429807663
0.0198422744870186
0.0726197808980942
0.0104743605479598
-0.1183160245418549
0.3149315714836121
0.2564374208450317
0.2732923030853271
0.2658422291278839
0.1356872320175171
0.0374347753822803
-0.1683274060487747
-0.0284356772899628
-0.1984227597713470
-0.2471801638603210
0.1828218549489975
0.1963205039501190
0.1606560498476028
0.1794656366109848
-0.0337835028767586
-0.1963942646980286
-0.3905387520790100
-0.2855369746685028
-0.3712866008281708
-0.2652521133422852
-0.2747306823730469
-0.1819366961717606
-0.1372731328010559
-0.1439855843782425
-0.2231334000825882
0.0527406185865402
0.1339537948369980
0.0338941477239132
-0.1633852720260620
-0.2122164517641068
-0.4368250966072083
-0.0984368622303009
-0.1560089737176895
-0.2072743326425552
-0.1674422472715378
0.2296245396137238
0.1633852720260620
-0.0349268317222595
-0.0757547095417976
-0.0092572700232267
-0.0821720957756042
0.0401640124619007
0.0356644615530968
-0.1701714843511581
-0.4039267599582672
-0.0620347708463669
0.0380248799920082
0.0330458730459213
-0.0355169363319874
-0.0490524657070637
