-0.1355185359716415
-0.2980359792709351
-0.2645837962627411
-0.3229941129684448
-0.2821786105632782
-0.2739603519439697
-0.2064217031002045
-0.2897074222564697
-0.2981187105178833
-0.1759479492902756
-0.1090987622737885
-0.3100875914096832
-0.2726641893386841
-0.3943936824798584
-0.3079364895820618
-0.3157134950160980
-0.1498866975307465
-0.2300009280443192
-0.1602008938789368
-0.0676489546895027
-0.1506037265062332
-0.2918309271335602
-0.2281531989574432
-0.3467112481594086
-0.2462168186903000
-0.2104205191135406
-0.0017925732536241
-0.0577208586037159
0.0388850495219231
0.0643120110034943
-0.1521480977535248
-0.2594267129898071
-0.1879719793796539
-0.2571377456188202
-0.1618555784225464
-0.1194956898689270
0.0388298928737640
-0.0218142364174128
0.0204629134386778
0.0397399701178074
-0.1180892065167427
-0.2347443550825119
-0.1854348033666611
-0.2117994129657745
-0.1439022570848465
-0.1572776138782501
-0.0377819277346134
-0.0559007078409195
-0.0519294664263725
-0.0122446538880467
-0.0699930861592293
-0.1721697598695755
-0.1587392538785934
-0.1771613955497742
-0.1542991846799850
-0.2228858023881912
-0.2347995191812515
-0.2547935843467712
-0.2440381646156311
-0.1097330600023270
-0.0309149939566851
-0.1256731748580933
-0.0913109183311462
-0.1515138000249863
-0.1538303643465042
-0.2210380733013153
-0.2347995191812515
-0.2669003605842590
-0.2870599031448364
-0.1541337221860886
-0.0799211859703064
-0.1719767153263092
-0.2204589247703552
-0.2232443094253540
-0.2338618636131287
-0.1933497041463852
-0.2292838990688324
-0.2209277600049973
-0.2774351835250854
-0.1503830999135971
-0.0727233141660690
-0.1436540633440018
-0.2044084966182709
-0.1576912850141525
-0.1652200967073441
-0.1103122010827065
-0.1654958724975586
-0.1697704792022705
-0.2885491251945496
-0.1600078493356705
-0.0127686364576221
-0.0518191531300545
-0.0741849541664124
-0.0298670269548893
-0.0329557694494724
-0.0805279016494751
-0.1940115839242935
-0.2105032503604889
-0.2753668129444122
-0.1533615291118622
-0.2388810664415359
-0.2719747126102448
-0.2712576985359192
-0.2448103427886963
-0.1358770430088043
-0.1988377422094345
-0.2389913797378540
-0.2890179455280304
-0.2307731211185455
-0.0535565726459026
-0.3565014302730560
-0.3638923764228821
-0.2881354689598083
-0.2481472939252853
-0.0986466854810715
-0.1806637942790985
-0.1997478157281876
-0.2790071368217468
-0.2716713547706604
-0.0136511344462633
-0.3407819569110870
-0.3366728127002716
-0.2190800309181213
-0.1908125281333923
-0.0679247379302979
-0.1690810173749924
-0.1704323440790176
-0.1594838649034500
-0.2177562713623047
0.0058189686387777
-0.2768284678459167
-0.2028089761734009
-0.1166275739669800
-0.1485905349254608
-0.0991430878639221
-0.1107534468173981
-0.0957509875297546
-0.0887737423181534
-0.1745966374874115
-0.0720338672399521
-0.2032502293586731
-0.1110843867063522
-0.0920555293560028
-0.1304166018962860
-0.0963301286101341
-0.1390209496021271
-0.1786506026983261
-0.1170412451028824
-0.1665714234113693
-0.0935447439551353
-0.1649718880653381
-0.1383315026760101
-0.1199920922517776
-0.1774647533893585
-0.1142007037997246
-0.0556800812482834
-0.0585206225514412
-0.0410085581243038
-0.1218949779868126
-0.1136767193675041
-0.1468806862831116
-0.1600905805826187
-0.1547128558158875
-0.1820151209831238
-0.0708480104804039
0.0120240291580558
0.0332591272890568
0.1053481474518776
-0.0283778123557568
-0.0852161720395088
-0.0994740277528763
-0.1217019334435463
-0.1536097377538681
-0.1969624310731888
-0.0789283737540245
0.0207662712782621
0.0160228461027145
0.0036954586394131
-0.1291480064392090
-0.1658819615840912
-0.1146695315837860
-0.1817117631435394
-0.1383866518735886
-0.1482044309377670
-0.0191115885972977
0.1033073738217354
0.1419717967510223
0.0657460689544678
-0.0887737423181534
-0.1548783183097839
-0.1065615862607956
-0.1576637029647827
-0.0933792740106583
-0.0771358013153076
0.0289569515734911
0.1130975782871246
0.1443710923194885
0.0647256821393967
-0.0436284728348255
-0.0764187723398209
0.0483167432248592
-0.2298354655504227
-0.1999960094690323
-0.2105032503604889
-0.1611385494470596
0.0408430919051170
0.1247355192899704
0.0440697222948074
0.2518151700496674
-0.0693863704800606
0.0050467830151320
-0.2953057587146759
-0.1659095436334610
-0.1729971021413803
-0.1757824867963791
0.0283226575702429
0.0514606386423111
-0.0709583237767220
0.3290337026119232
-0.0331212356686592
0.0153885511681437
-0.2150812000036240
-0.1201575621962547
-0.1224465370178223
-0.0731094107031822
0.1062582209706306
0.1696601659059525
-0.1192750632762909
0.1594838649034500
-0.0385541133582592
0.0481788516044617
-0.1479286551475525
-0.0796454101800919
-0.1014320626854897
-0.1604766696691513
-0.1363182961940765
-0.0644774809479713
-0.1860691010951996
-0.0787904858589172
-0.0563971102237701
0.0560385957360268
-0.1428818702697754
-0.0772461146116257
-0.1081335321068764
-0.1260316818952560
-0.2602540552616119
-0.2008785158395767
-0.2149984687566757
-0.2412527799606323
-0.1619934588670731
-0.0539426654577255
-0.2513187527656555
-0.2089037299156189
-0.2410045713186264
-0.2565310299396515
-0.2584614753723145
-0.2536077499389648
-0.2058425545692444
-0.2593163847923279
-0.1872825324535370
-0.1071407198905945
-0.3367555737495422
-0.2640874087810516
-0.2818200886249542
-0.3187195062637329
-0.2066974788904190
-0.2170944064855576
-0.1268866062164307
-0.1375593096017838
-0.1464394479990005
-0.1544646620750427
-0.4235436916351318
-0.2363990396261215
-0.2150536328554153
-0.2907002270221710
-0.2560346126556396
-0.4351264536380768
-0.4424898028373718
-0.3605002760887146
-0.2769111990928650
-0.1770510822534561
-0.4057006835937500
-0.2592888176441193
-0.2431832402944565
-0.3556465208530426
-0.3261380195617676
-0.4511493146419525
-0.4888485074043274
-0.4223302602767944
-0.2822613418102264
-0.1513759195804596
-0.3075504004955292
-0.1406756341457367
-0.1030040159821510
-0.2351856082677841
-0.3717796802520752
-0.4670894145965576
-0.5167023539543152
-0.4179729223251343
-0.2316004633903503
0.0626021698117256
0.1001634746789932
0.1054033041000366
0.0583551526069641
0.0565625801682472
0.0137890251353383
0.0720890238881111
0.1661577522754669
0.1192199066281319
0.2324829548597336
0.0960543453693390
0.1469634324312210
0.1666817367076874
0.0863468721508980
0.1281827688217163
0.0581069514155388
0.1141179651021957
0.2558967173099518
0.1662404835224152
0.3948073685169220
0.1143937483429909
0.1836973875761032
0.1978725045919418
0.1375868916511536
0.2026435136795044
0.2026710808277130
0.2234373539686203
0.4099476933479309
0.2475405782461166
0.3485589623451233
0.1333674490451813
0.2447276115417480
0.2454722225666046
0.2079384922981262
0.2810203135013580
0.3306608200073242
0.3932905495166779
0.5545118451118469
0.3917737603187561
0.3185816407203674
0.1659371256828308
0.2954712212085724
0.3159341216087341
0.2901486456394196
0.3268274664878845
0.3613275885581970
0.4326995909214020
0.5172814726829529
0.4659035801887512
0.3362867236137390
0.1774371713399887
0.2196040004491806
0.2613295912742615
0.2154397219419479
0.2354889661073685
0.2360129505395889
0.3508479595184326
0.4270185232162476
0.3640578389167786
0.2884939610958099
0.2276843786239624
0.2117166817188263
0.2932373881340027
0.2370609194040298
0.2936786413192749
0.2871977984905243
0.4521972835063934
0.5616545677185059
0.4632009267807007
0.3612724542617798
0.3613827526569366
0.3017314374446869
0.3311020731925964
0.2337515503168106
0.3384653925895691
0.3684151768684387
0.5328078866004944
0.6676369905471802
0.4891518652439117
0.3485037982463837
0.3783708512783051
0.3149689137935638
0.3413611054420471
0.3018417656421661
0.4282871186733246
0.5009000897407532
0.6326404809951782
0.8232047557830811
0.6814535856246948
0.4198482334613800
0.2649974822998047
0.2263054698705673
0.2876942157745361
0.3226907551288605
0.4830846786499023
0.4657105207443237
0.3840794861316681
0.4608291983604431
0.4291971921920776
0.2856258451938629
0.1225568503141403
0.1750930398702621
0.1341672092676163
0.1076095476746559
0.0353826358914375
-0.0172362811863422
-0.0502472072839737
0.1164345219731331
0.1410341411828995
0.2635358273983002
0.1366768181324005
0.0894631892442703
0.0202147103846073
0.0166019853204489
-0.0212350971996784
-0.0847473442554474
-0.1372835338115692
0.0395469218492508
-0.0381955988705158
0.1135664060711861
0.2021195292472839
0.1228326335549355
0.0299773402512074
0.0767497122287750
0.0454762019217014
-0.0629606842994690
-0.1894887834787369
-0.0380025506019592
-0.1564778536558151
-0.0233861859887838
0.1689431369304657
0.0728612095117569
-0.0687520802021027
0.0031714756041765
0.0333694405853748
-0.0443730801343918
-0.1934324353933334
-0.1168206185102463
-0.2289805412292480
-0.1151383593678474
0.1152486652135849
0.0452004224061966
-0.0913936570286751
-0.0356032624840736
-0.0122170755639672
-0.0111966878175735
-0.1168206185102463
-0.1506313085556030
-0.2280428856611252
-0.1052929908037186
0.0864296033978462
0.0322111621499062
-0.0644774809479713
-0.0574174970388412
-0.0738540142774582
-0.0319353826344013
-0.0312735065817833
-0.0940411463379860
-0.1517344266176224
-0.0473790876567364
0.0728336274623871
0.0341416262090206
0.0133753539994359
0.0257854759693146
-0.0269161760807037
-0.1397103965282440
-0.1509346663951874
-0.2356268614530563
-0.2023953050374985
0.0064532635733485
-0.0263646151870489
-0.1105052456259727
-0.0126031683757901
0.0127410590648651
-0.0752053409814835
-0.1947010308504105
-0.3072746396064758
-0.4057834148406982
-0.2856258451938629
0.0044952221214771
-0.0253993831574917
-0.1369525939226151
0.0015719488728791
0.0119137177243829
-0.1397655606269836
-0.2353786528110504
-0.3348250985145569
-0.3680290579795837
-0.2445069849491119
0.0160780027508736
0.0050743608735502
-0.1198817789554596
-0.0115552023053169
-0.0302806980907917
-0.1172618642449379
-0.1318506598472595
-0.1351048648357391
-0.1300580799579620
-0.0979572311043739
0.0310528837144375
-0.1538303643465042
-0.1618004143238068
-0.1302787065505981
-0.1117186769843102
-0.0709583237767220
0.0378095060586929
-0.0545493811368942
-0.0632088929414749
-0.2956918478012085
-0.2186663597822189
-0.1791745871305466
-0.1428267210721970
-0.0856574177742004
-0.1367043852806091
-0.1249285638332367
-0.0041918633505702
-0.1470185816287994
0.0049916268326342
-0.2070008367300034
-0.1515138000249863
-0.1761410087347031
-0.1108637601137161
-0.0654427111148834
-0.1488663107156754
-0.1468531191349030
-0.0156367532908916
-0.1518171578645706
-0.0804451704025269
-0.1838352829217911
-0.1223362237215042
-0.1273002773523331
-0.0855195298790932
-0.0843060985207558
-0.1461360901594162
-0.1235496625304222
-0.0292051546275616
-0.0480685383081436
0.0002206243952969
-0.0778252556920052
-0.0465241707861423
-0.1147522628307343
-0.1490593552589417
-0.1396552473306656
-0.2122958302497864
-0.1771613955497742
-0.0855471119284630
-0.0512400157749653
0.0271919574588537
-0.0329281911253929
-0.0201319754123688
-0.0903456881642342
-0.1475977152585983
-0.1060651764273643
-0.2079109102487564
-0.1710942238569260
-0.1334501802921295
-0.0608371756970882
0.0137338684871793
-0.0172362811863422
-0.0257303193211555
-0.1172894462943077
-0.1493351310491562
-0.1300029307603836
-0.1926602572202682
-0.1826770007610321
-0.2027538120746613
-0.2039396762847900
-0.1239633336663246
-0.0928277149796486
-0.0650290399789810
-0.1564226895570755
-0.2056219428777695
-0.1177858486771584
-0.1571397185325623
-0.1368422806262970
-0.1315748691558838
-0.1786781847476959
-0.1234669238328934
-0.0998325422406197
-0.0775494724512100
-0.0983433276414871
-0.0975711420178413
-0.0170432347804308
-0.0462483875453472
-0.0437663644552231
-0.0459726080298424
-0.1491696685552597
-0.1048517450690269
-0.1219225600361824
-0.1056515052914619
-0.0111139537766576
0.0324042066931725
0.0827065706253052
0.0419462136924267
0.0437663644552231
0.0845818743109703
0.0704894959926605
0.1206263899803162
0.0926346704363823
0.0188358072191477
0.0741022154688835
0.3689115643501282
0.4140292704105377
0.3792257606983185
0.3573287725448608
0.2801929712295532
0.1584634780883789
0.3040755689144135
0.1520929485559464
0.4218614101409912
-0.0353550575673580
0.2889352142810822
0.2649147510528564
0.2180872112512589
0.2335585057735443
0.1887717545032501
-0.0398778580129147
0.0592376515269279
-0.1159932762384415
0.2900107800960541
-0.0120791858062148
0.3072746396064758
0.2307731211185455
0.2021195292472839
0.1742932796478271
0.1503279507160187
-0.1235772371292114
-0.1098433732986450
-0.3213394284248352
0.0195804145187140
-0.0035575684159994
0.2738500237464905
0.1725834310054779
0.1541888713836670
0.0957234129309654
0.0593755394220352
-0.1435713320970535
-0.1375868916511536
-0.2757804989814758
-0.0394366122782230
-0.0589618682861328
0.1192750632762909
0.0926346704363823
0.1117186769843102
0.1613867431879044
0.1053481474518776
-0.0865399166941643
-0.1128493770956993
-0.2142262905836105
-0.0190840102732182
-0.0306392125785351
0.0098177855834365
-0.0469929948449135
-0.0388850495219231
0.0822101682424545
0.1145040616393089
-0.0159676913172007
-0.0860986709594727
-0.1622416675090790
-0.0070875585079193
-0.0308874156326056
-0.0635122507810593
-0.1867861300706863
-0.1218949779868126
0.0509090796113014
0.1462188214063644
0.0117206713184714
-0.1035004183650017
-0.2324553728103638
-0.0207662712782621
-0.0546321161091328
-0.1360149383544922
-0.1948940753936768
-0.2431556582450867
-0.0673180222511292
0.0064532635733485
-0.0596513226628304
-0.1811326295137405
-0.3501860797405243
-0.1402343809604645
-0.0253718048334122
-0.0929931849241257
-0.1232463046908379
-0.2296699881553650
-0.1679227501153946
-0.1749275624752045
-0.2478715032339096
-0.1984516382217407
-0.2606401443481445
-0.0613335818052292
-0.0260336790233850
-0.0573623441159725
-0.0954752042889595
-0.1873928457498550
-0.1688328236341476
-0.2192730754613876
-0.2571653127670288
-0.1891854256391525
-0.1791194379329681
-0.0261164121329784
-0.1145592182874680
-0.1546577066183090
-0.1093469634652138
-0.1091263443231583
-0.1235220804810524
-0.1359322071075439
-0.1710114777088165
-0.1998856961727142
-0.1242666915059090
-0.0801693871617317
-0.0622160807251930
-0.0904008448123932
-0.0005239829188213
-0.0184221360832453
-0.0452004224061966
-0.0426632426679134
-0.1178134307265282
-0.1423578858375549
0.0126583250239491
0.0491165071725845
-0.0456692501902580
-0.0800039246678352
-0.0284329690039158
-0.0605613961815834
-0.0888013169169426
-0.0562868006527424
-0.1582704186439514
-0.1765822470188141
-0.0264749266207218
0.0263646151870489
-0.0090180225670338
-0.0283778123557568
-0.0309977270662785
-0.0632364675402641
-0.0855195298790932
-0.0645050555467606
-0.1508519351482391
-0.1376696228981018
-0.0464965924620628
0.0144233200699091
-0.0279917195439339
-0.0066738878376782
-0.0389953628182411
-0.0488958805799484
-0.0712340995669365
-0.0696069970726967
-0.1448123306035995
-0.1761134266853333
-0.1574155092239380
-0.0784043967723846
-0.0575553886592388
-0.0208490062505007
-0.0537220388650894
-0.0522328242659569
-0.0760878399014473
-0.1153314039111137
-0.1858484745025635
-0.2470717430114746
-0.2658799886703491
-0.1357943117618561
-0.0983709022402763
-0.0912557691335678
-0.1314369887113571
-0.1578291803598404
-0.2073041945695877
-0.1931566596031189
-0.2624878883361816
-0.3181955218315125
-0.3436500728130341
-0.1765822470188141
-0.1069476753473282
-0.1283482462167740
-0.1687776595354080
-0.2418870776891708
-0.3430709242820740
-0.3193813860416412
-0.3817629516124725
-0.3633959591388702
-0.3878852725028992
-0.1848832368850708
-0.1321815848350525
-0.1481216996908188
-0.1673436015844345
-0.2376952022314072
-0.3565290272235870
-0.3310469090938568
-0.3993301689624786
-0.3246487975120544
-0.3061439394950867
-0.1254525482654572
-0.0741849541664124
-0.0784595534205437
-0.0463035441935062
-0.0841406285762787
-0.1517620086669922
-0.1844971477985382
-0.2694375514984131
-0.2215068936347961
-0.1621589362621307
-0.0583827309310436
0.2704855203628540
0.2910863161087036
0.2766630053520203
0.2720298767089844
0.1799191981554031
0.1688052415847778
0.0161055810749531
0.0614990517497063
0.1554574668407440
0.0216487683355808
0.2327863126993179
0.1371456384658813
0.0310253053903580
0.0761154145002365
-0.0245444644242525
-0.0185048710554838
-0.2252023518085480
-0.2259193807840347
-0.0791490003466606
-0.1086299344897270
0.2763596475124359
0.0984260588884354
-0.0030335853807628
0.0340313129127026
-0.0513779073953629
-0.0425529293715954
-0.1704875081777573
-0.1946182996034622
-0.1293410509824753
-0.1178685799241066
0.1865930855274200
-0.0039988169446588
-0.0096523175016046
0.0795075148344040
-0.0135132437571883
-0.0530050098896027
-0.0656633377075195
-0.0480961166322231
-0.0394090339541435
-0.0364857576787472
0.0587136670947075
-0.0589618682861328
0.0306392125785351
0.1529754400253296
0.1020939424633980
0.0897665545344353
0.1557056605815887
0.1985619515180588
0.1708184331655502
0.0938756838440895
0.0618024095892906
-0.0356308408081532
0.0654151365160942
0.2147778421640396
0.1752309203147888
0.1491145193576813
0.1994996070861816
0.2575514018535614
0.2712576985359192
0.1790091246366501
0.1153314039111137
0.0279089864343405
0.0990603566169739
0.2453343272209167
0.1425233632326126
0.1075543910264969
0.1426888257265091
0.2310213148593903
0.3023105859756470
0.2490849494934082
0.1124081313610077
0.0846370309591293
0.1755894422531128
0.2384673953056335
0.1881926059722900
0.2035811543464661
0.2692720890045166
0.3535781800746918
0.4181383848190308
0.3145276606082916
0.1723352372646332
0.1963832825422287
0.2559242844581604
0.2430729269981384
0.1441780477762222
0.1380557119846344
0.2167634665966034
0.3000491857528687
0.4783136844635010
0.3584870696067810
0.0014064805582166
0.0086319297552109
0.0428011342883110
0.0390780977904797
0.0153885511681437
0.0550733655691147
0.1298926174640656
0.1871998012065887
0.2512911856174469
0.2001339048147202
-0.1986171156167984
-0.1814635694026947
-0.0953097417950630
-0.1481492817401886
-0.1615522205829620
-0.1212331056594849
-0.1818220764398575
-0.1408135145902634
-0.1518723219633102
-0.1380005627870560
-0.1830355077981949
-0.0216211900115013
0.1382211893796921
0.0586309321224689
0.0362651348114014
0.0801693871617317
-0.0950063765048981
0.0093765370547771
0.0520397797226906
0.0221451744437218
-0.1377799361944199
0.0946478620171547
0.1676745414733887
0.0643395856022835
0.0041642854921520
0.0767497122287750
-0.1114704757928848
-0.0099280979484320
0.1116359457373619
0.0569210946559906
-0.0698827803134918
0.1679503172636032
0.1788712292909622
0.0666837245225906
0.0180084668099880
0.0989224612712860
-0.0006894512334839
0.0005515610100701
0.1227774769067764
0.0826789885759354
-0.0275780502706766
0.1668196171522141
0.1697428971529007
0.0698827803134918
-0.0468551069498062
0.0059017026796937
-0.0022613999899477
-0.0078873224556446
0.0195252597332001
0.0124652786180377
-0.0855195298790932
0.0607820190489292
0.1053205728530884
0.0769703388214111
-0.0190840102732182
-0.0047985804267228
0.0352999046444893
0.0418359003961086
-0.0188082288950682
-0.0041918633505702
-0.1165172606706619
-0.0176223739981651
0.0984536334872246
0.1563675403594971
0.0915315449237823
0.0443179272115231
0.0326248332858086
0.0577760152518749
0.0026199147105217
0.0361272431910038
-0.0881394445896149
-0.0719235539436340
0.0421116799116135
0.1482595950365067
0.1133733615279198
0.0417807437479496
-0.0480133853852749
-0.0145060541108251
-0.0366788059473038
0.0594582743942738
-0.1300580799579620
-0.1250940263271332
0.0170708131045103
0.1365389227867126
0.1737968623638153
0.1525893509387970
0.0387471579015255
-0.0002206243952969
-0.0408155135810375
0.0536393076181412
-0.0678971558809280
-0.0325972549617290
0.0862365588545799
0.1148074194788933
0.1328986138105392
0.1207918599247932
0.0816310271620750
0.0639259219169617
0.0437939427793026
0.0760602578520775
-0.0613335818052292
-0.0358790419995785
-0.0131547292694449
-0.1359322071075439
-0.1057066619396210
-0.0512400157749653
-0.0783216580748558
0.0624091252684593
0.0427183993160725
0.0666009858250618
-0.1632344722747803
-0.1086850911378860
-0.0362651348114014
-0.1574430912733078
-0.1137043014168739
-0.0443730801343918
-0.1469909995794296
0.0032817879691720
-0.0790662690997124
-0.0124652786180377
-0.1622416675090790
-0.0915591269731522
-0.0166847202926874
-0.1194405332207680
-0.0716477707028389
-0.0554318800568581
-0.1889923661947250
-0.0872845277190208
-0.1523135602474213
-0.1001634746789932
-0.1208470091223717
-0.0644774809479713
-0.0137614468112588
-0.0765566676855087
-0.0744607299566269
-0.1179513186216354
-0.2293114811182022
-0.1683088392019272
-0.1712321043014526
-0.1026179194450378
-0.1551541090011597
-0.1535545736551285
-0.0801142305135727
-0.1473495215177536
-0.1141179651021957
-0.1765822470188141
-0.2440381646156311
-0.2414182424545288
-0.1643927544355392
-0.0777700990438461
-0.1100088357925415
-0.1416960209608078
-0.0685590282082558
-0.1466049104928970
-0.1068925186991692
-0.1146143749356270
-0.1140076592564583
-0.1381936073303223
-0.1210400611162186
-0.0713995695114136
-0.1260592639446259
-0.1923017352819443
-0.1638136208057404
-0.1960799247026443
-0.1830630898475647
-0.1928533017635345
-0.1518998891115189
-0.1014872193336487
-0.1047414317727089
-0.0541632883250713
-0.1294513642787933
-0.1905643194913864
-0.1675642281770706
-0.1599251031875610
-0.1293410509824753
-0.2138953506946564
-0.2178941667079926
-0.1606145650148392
-0.1471564769744873
-0.0730266720056534
-0.1015975326299667
-0.1625174432992935
-0.1556505113840103
-0.0923037305474281
-0.0996670722961426
-0.2625706195831299
-0.4161527752876282
-0.3724691271781921
-0.2638943493366241
-0.1553195714950562
-0.1512931734323502
-0.2329242080450058
-0.2411976158618927
-0.2246232181787491
-0.2086555212736130
-0.2636185884475708
-0.3625134527683258
-0.3192710876464844
-0.2634255290031433
-0.1558435559272766
-0.1277966797351837
-0.2857637405395508
-0.1987549960613251
-0.1416960209608078
-0.0680902004241943
-0.1624071300029755
-0.1672884523868561
-0.1175928041338921
-0.2179493308067322
-0.1609454900026321
-0.1668471992015839
-0.4303278923034668
-0.3409198522567749
-0.2621569335460663
-0.1552368402481079
-0.3018141686916351
-0.2616329491138458
-0.1571397185325623
-0.4088721573352814
-0.3303574621677399
-0.1370629072189331
-0.4161527752876282
-0.3349078297615051
-0.2229409515857697
-0.0932413861155510
-0.2399290353059769
-0.3091499209403992
-0.2091243416070938
-0.4248950183391571
-0.3296680152416229
-0.0995016023516655
-0.2993045747280121
-0.2580753862857819
-0.1894060373306274
-0.0862365588545799
-0.1530030220746994
-0.2042154520750046
-0.1357943117618561
-0.2771042287349701
-0.3003249466419220
-0.0951994284987450
-0.1897093951702118
-0.1982861757278442
-0.1493627130985260
-0.0337555333971977
-0.0701033994555473
-0.1390209496021271
-0.1028109714388847
-0.1226671636104584
-0.2116891145706177
-0.0620230324566364
-0.1340568959712982
-0.1487284153699875
-0.1648340076208115
-0.0638431832194328
-0.0563971102237701
-0.0380852855741978
0.0103969248011708
0.0139544932171702
-0.1808568537235260
-0.0740194842219353
-0.2044360786676407
-0.1666265726089478
-0.2603092193603516
-0.2186111956834793
-0.1424957811832428
-0.0766118243336678
-0.0101487217471004
-0.0470481514930725
-0.2451964318752289
-0.0578035898506641
-0.2237131297588348
-0.0548527389764786
-0.1979000866413116
-0.1910055726766586
-0.1496109217405319
-0.0831478163599968
-0.0816586017608643
-0.1843868345022202
-0.3881610333919525
-0.0209593176841736
-0.2498571276664734
-0.0210420507937670
-0.1708184331655502
-0.1602008938789368
-0.0653875544667244
-0.0541632883250713
-0.0364581830799580
-0.1287894845008850
-0.3093429803848267
-0.0091283340007067
-0.1362079828977585
-0.0279365647584200
-0.1130148470401764
-0.0685590282082558
0.0493922866880894
0.0455865152180195
0.0219797044992447
-0.0422495715320110
-0.1705978065729141
0.2275740653276443
0.2182802557945251
0.1210400611162186
0.0297291371971369
0.0116379372775555
0.0515433736145496
0.2815718948841095
0.3219737410545349
0.1466324925422668
-0.1810498982667923
0.2100068479776382
0.1151659339666367
-0.0449246428906918
-0.0970747321844101
-0.0769427567720413
-0.0955027863383293
0.0858228877186775
0.0998325422406197
-0.0613611601293087
-0.4115196466445923
0.1890199482440948
0.0336176417768002
-0.1580222249031067
-0.1490869373083115
-0.0525361858308315
0.0509918145835400
0.1344705671072006
0.0399605929851532
-0.0966610610485077
-0.3412783741950989
0.1652200967073441
0.0015995268477127
-0.0901250690221786
-0.0920831039547920
-0.1078853309154510
-0.0931310728192329
-0.0013237464008853
0.0027578049339354
0.0154988635331392
-0.1064236909151077
0.1306647956371307
0.0231655612587929
0.0391056723892689
0.0344174057245255
-0.0448694862425327
-0.1410893052816391
-0.0789007991552353
-0.0372303649783134
-0.0229449365288019
-0.0411464497447014
0.0805003270506859
0.0512400157749653
0.0955855175852776
0.1372835338115692
0.0231931395828724
-0.0448970645666122
0.0022613999899477
0.0504402518272400
0.0754535421729088
0.0390505194664001
0.0295360907912254
0.0956406742334366
0.1187786608934402
0.2246783673763275
0.1422751545906067
0.0667940378189087
0.0934068560600281
0.1160208508372307
0.1419993788003922
0.0368994288146496
0.0525637604296207
0.1320161223411560
0.1290652751922607
0.1832837164402008
0.0928001329302788
0.0239929035305977
0.0296739805489779
0.0843888297677040
0.1046862751245499
0.0623815469443798
0.1037762016057968
0.1409514099359512
0.0535014159977436
0.0363202914595604
-0.0224761106073856
-0.0307771023362875
-0.0388298928737640
0.0151127707213163
0.0020959316752851
-0.0303358547389507
0.0784871280193329
0.0831202417612076
0.0184497144073248
-0.0456692501902580
-0.0744883120059967
-0.0535289943218231
-0.0272471122443676
0.0079424781724811
-0.0034748341422528
-0.0071702930144966
0.0251787584275007
-0.0789835304021835
-0.0764463543891907
-0.1403722763061523
-0.1188889741897583
-0.1150280460715294
-0.1320712715387344
-0.0820998549461365
-0.1334225982427597
-0.1033901050686836
-0.0096523175016046
-0.1601181477308273
-0.1444538235664368
-0.2069456875324249
-0.1438471078872681
-0.1514310687780380
-0.2534146904945374
-0.1979276537895203
-0.2586545348167419
-0.1559538692235947
-0.0253718048334122
-0.1666541546583176
-0.1073889210820198
-0.1512656062841415
-0.1053757295012474
-0.1281000375747681
-0.2604746818542480
-0.1834491789340973
-0.2014576494693756
-0.0800314992666245
-0.0315217114984989
-0.1746793687343597
-0.0967162176966667
-0.1047138571739197
-0.0733576118946075
-0.0650014653801918
-0.1122702360153198
-0.0627676397562027
-0.0977917611598969
-0.0245720427483320
-0.0173190142959356
-0.1525893509387970
-0.0543563365936279
-0.0436284728348255
-0.0579414814710617
-0.0494474433362484
-0.0138166025280952
0.0647808387875557
0.0354102142155170
0.0509366579353809
0.0045779561623931
-0.1324022114276886
-0.0562868006527424
-0.0386092700064182
-0.0651945099234581
-0.0637328699231148
-0.0027578049339354
0.0646705254912376
0.0681729391217232
0.0727233141660690
0.0224485322833061
-0.1164345219731331
-0.0641189664602280
-0.0397399701178074
-0.0610853806138039
-0.0663527846336365
-0.0441248789429665
0.0124377002939582
0.0226967353373766
0.0596237443387508
0.0793144702911377
-0.0565350018441677
-0.0254269614815712
-0.0289017949253321
-0.0487028360366821
-0.0373958349227905
-0.0032542098779231
0.0594031177461147
0.0554870367050171
0.0880291312932968
0.0914763882756233
-0.0337279550731182
-0.0192494783550501
-0.0010203878628090
0.0295912474393845
0.0862917155027390
0.1033625304698944
0.1576361358165741
0.1133733615279198
0.0908145159482956
0.0516812652349472
-0.0057362341322005
0.0112794218584895
0.0357687287032604
0.0712892562150955
0.0870914831757545
0.0849955454468727
0.1396828144788742
0.1116635203361511
0.0719787105917931
-0.0045779561623931
-0.0107830176129937
-0.0048537366092205
-0.0056259222328663
-0.0038057707715780
-0.0090180225670338
-0.0255096964538097
-0.0353826358914375
-0.0393814556300640
-0.0316320210695267
-0.0096798948943615
-0.0150300366804004
-0.0030611634720117
-0.0051846732385457
-0.0025371804367751
-0.0125204343348742
-0.0438766777515411
-0.0582448393106461
-0.0594858527183533
-0.0400157496333122
-0.0058189686387777
-0.0094041144475341
0.0043849097564816
-0.0000275780494121
0.0030611634720117
0.0012961683096364
-0.0296739805489779
-0.0439318343997002
-0.0461380779743195
-0.0293706227093935
0.0038885050453246
0.0068117780610919
0.0212626755237579
0.0147818345576525
0.0308322589844465
0.0475445576012135
0.0563143752515316
0.0567280463874340
0.0482064299285412
0.0231655612587929
0.0020407757256180
0.0165744069963694
0.0305289011448622
0.0284053906798363
0.0443179272115231
0.0811897739768028
0.1314921379089355
0.1560366004705429
0.1474322527647018
0.0849679708480835
0.0147818345576525
0.0399054363369942
0.0540529750287533
0.0519294664263725
0.0601201467216015
0.0869260132312775
0.1388554722070694
0.1810223162174225
0.1796985715627670
0.1097606346011162
0.0287639051675797
0.0574726536870003
0.0777425244450569
0.0776046290993690
0.0720338672399521
0.0852713286876678
0.1297271400690079
0.1736038178205490
0.1850762963294983
0.1171515509486198
0.0629606842994690
0.1084093153476715
0.1237151324748993
0.1250940263271332
0.1184753030538559
0.1447295993566513
0.2052082717418671
0.2580202221870422
0.2517048716545105
0.1536648869514465
0.0841130539774895
0.1400964856147766
0.1528651267290115
0.1504658311605453
0.1546577066183090
0.1997202336788177
0.2714783251285553
0.3276548087596893
0.3113010227680206
0.1927981376647949
0.0512675940990448
0.0927174016833305
0.1054860353469849
0.1049344763159752
0.1149453073740005
0.1572776138782501
0.2086555212736130
0.2493883073329926
0.2380261421203613
0.1458602994680405
-0.2793380618095398
-0.3465457558631897
-0.2416664510965347
-0.2280428856611252
-0.1857105791568756
-0.1730522662401199
-0.1224189624190331
-0.3156583607196808
-0.1291755884885788
-0.1135664060711861
-0.3582664430141449
-0.3784811496734619
-0.2789244055747986
-0.2874460220336914
-0.3327291607856750
-0.3150792121887207
-0.2389637976884842
-0.4841050803661346
-0.1982585936784744
-0.1435713320970535
-0.2750083208084106
-0.3063369691371918
-0.2350477129220963
-0.2693823873996735
-0.3055647909641266
-0.2953884899616241
-0.1373111009597778
-0.4076587259769440
-0.1881650239229202
-0.0854367986321449
-0.2307179570198059
-0.2389637976884842
-0.2321795970201492
-0.2450861185789108
-0.2697409093379974
-0.2962709963321686
-0.1477356106042862
-0.2801929712295532
-0.1648615747690201
0.0009652317385189
-0.1694671064615250
-0.2610262334346771
-0.2572480440139771
-0.2200452536344528
-0.2354613840579987
-0.3236283957958221
-0.1556229293346405
-0.2105308324098587
-0.2047670185565948
-0.0018753074109554
-0.2261675894260406
-0.2699615359306335
-0.2809375822544098
-0.2429074645042419
-0.2700718343257904
-0.2458583116531372
-0.2346616238355637
-0.2090416103601456
-0.1769959181547165
0.0373406782746315
-0.3076882958412170
-0.2986426949501038
-0.3300265073776245
-0.2836678028106689
-0.2969604432582855
-0.2150260508060455
-0.3210360705852509
-0.3108046054840088
-0.2714231610298157
-0.0120791858062148
-0.3338874578475952
-0.2374745905399323
-0.1985619515180588
-0.1840558946132660
-0.3497999906539917
-0.2650526463985443
-0.3977582156658173
-0.3739583492279053
-0.2550693750381470
0.0047158463858068
-0.3584870696067810
-0.2374470084905624
-0.2385501265525818
-0.1572500318288803
-0.2712301015853882
-0.2322623282670975
-0.2411700487136841
-0.3201535642147064
-0.2470717430114746
0.0505229867994785
-0.1191647499799728
-0.0231655612587929
-0.0330660827457905
0.0060947490856051
-0.1215916201472282
-0.1895715147256851
-0.1804983317852020
-0.1794227957725525
-0.0953097417950630
0.0643947422504425
