-0.0051273792050779
0.0206377003341913
0.1336964070796967
0.3475081324577332
0.3991878330707550
0.4465733468532562
0.3004430532455444
0.0989156886935234
-0.1711690127849579
-0.1901189386844635
-0.0024995973799378
0.0348020866513252
0.1256635189056396
0.3120010197162628
0.3187093436717987
0.4075411856174469
0.2385085821151733
0.1362601071596146
-0.1902684867382050
-0.1802914738655090
0.0582812093198299
0.0204667877405882
0.0275169350206852
0.1164769604802132
0.1719808429479599
0.3299682140350342
0.2513056695461273
0.1845642775297165
-0.0579607486724854
-0.1180579066276550
0.2101370841264725
0.2348553240299225
0.1876193434000015
0.1623883694410324
0.1669175475835800
0.2838217914104462
0.2737379670143127
0.3236230909824371
0.2150935530662537
0.1229289174079895
0.3626766204833984
0.4683433473110199
0.3983546197414398
0.4092930257320404
0.4487738609313965
0.6172296404838562
0.7108897566795349
0.6517539620399475
0.4897288084030151
0.2469260394573212
0.3717136085033417
0.6078721880912781
0.6275271177291870
0.7826089859008789
0.7507123947143555
0.8434752225875854
0.8684712052345276
0.8703939914703369
0.7360993623733521
0.4540721476078033
0.4218978583812714
0.8300372362136841
1.0003303289413452
1.2161288261413574
1.1419100761413574
1.0533132553100586
0.9258123636245728
0.8240339159965515
0.7671414017677307
0.4738125503063202
0.3900012671947479
0.7396244406700134
0.8692830204963684
1.0024666786193848
0.7003572583198547
0.3211448490619659
0.0332211442291737
0.0139293801039457
0.3017889857292175
0.3153979182243347
0.2412859201431274
0.4367245137691498
0.3405007123947144
0.2492333501577377
-0.0334561504423618
-0.3400520682334900
-0.4497993290424347
-0.4383054673671722
-0.1316668242216110
0.0466591492295265
0.1590555757284164
0.2801899015903473
0.2999089360237122
0.2460073828697205
0.0591357722878456
-0.2660468816757202
-0.3879075944423676
-0.3603265583515167
-0.0560807101428509
0.0579393841326237
-0.0014402884989977
0.0963673070073128
0.1491898894309998
0.1919424533843994
0.2468294501304626
0.2336387932300568
0.1810442656278610
0.1884017437696457
0.1427085846662521
-0.1094499230384827
0.1023805066943169
0.1521184742450714
0.2211562991142273
0.2603801488876343
0.3428006768226624
0.3389838933944702
0.2643649578094482
0.2476096004247665
0.1865653693675995
-0.1001720651984215
0.1390958577394485
0.1422044783830643
0.1835047602653503
0.1630886644124985
0.2018204331398010
0.2197400182485580
0.1995519697666168
0.2145669758319855
0.1964673548936844
-0.0243528783321381
0.1492498964071274
0.1569914519786835
0.1508102118968964
0.0757951810956001
0.1435967683792114
0.1554791480302811
0.1726065725088120
0.1956751942634583
0.2567554414272308
0.1260132491588593
0.1188238039612770
0.1630886644124985
0.1505941599607468
0.1230366453528404
0.1862052977085114
0.1484097242355347
0.1489498317241669
0.2542589306831360
0.3378916978836060
0.2036807984113693
0.0603480897843838
0.1500300467014313
0.1074455231428146
0.1403801143169403
0.2193319350481033
0.1983517259359360
0.1552270948886871
0.2323905527591705
0.3233687877655029
0.2475255876779556
0.0299099907279015
0.1106261610984802
0.0814843252301216
0.1099900305271149
0.2157192081212997
0.2407682240009308
0.2084577530622482
0.2806642055511475
0.3213523626327515
0.2000320702791214
-0.0033486706670374
0.0944229140877724
0.1434647440910339
0.2100660800933838
0.3060973286628723
0.2926426231861115
0.1959392428398132
0.2393399477005005
0.2257292121648788
0.0276655424386263
0.0235007070004940
0.0767793804407120
0.1631606817245483
0.2196920067071915
0.2802321314811707
0.1846809983253479
0.0323104709386826
0.0659892186522484
0.0721224471926689
-0.0983957126736641
-0.0126505345106125
0.0174034852534533
0.0832246690988541
0.1290618479251862
0.1118984147906303
0.0273774843662977
-0.0998119935393333
0.0006241250084713
0.0423444807529449
-0.0657971799373627
-0.1036779507994652
-0.0633834525942802
0.0315773636102676
0.2398481667041779
0.3399553894996643
0.3790172934532166
0.2851238846778870
0.1060033589601517
-0.0241817794740200
-0.0182602293789387
-0.1120901033282280
-0.0833210349082947
-0.0307386871427298
0.1987150013446808
0.3169935047626495
0.3468680977821350
0.2595061957836151
0.1361956447362900
0.0163160301744938
0.0004828731471207
-0.0395828895270824
-0.0616552755236626
-0.0541199147701263
0.0572458803653717
0.1319641470909119
0.1817890256643295
0.1458276957273483
0.0986204892396927
0.0030370180029422
0.0060486216098070
0.0483254343271255
0.0451740548014641
-0.0103563582524657
-0.0487956032156944
-0.0683773756027222
-0.0519724003970623
-0.0266596805304289
0.0474486388266087
0.0615027919411659
0.0398878641426563
0.0439414568245411
0.0545011311769485
-0.0062138149514794
-0.0527221225202084
-0.0732315257191658
-0.1191680058836937
-0.0398116186261177
0.0441320650279522
0.1325232684612274
0.0889121964573860
0.0299508422613144
0.0432552695274353
0.0681613534688950
0.0365585796535015
0.0714143961668015
-0.0071287322789431
0.0018171279225498
0.0542088635265827
0.1367039233446121
0.0871840193867683
0.0061375717632473
0.0618712976574898
0.2019426375627518
0.2400387823581696
0.2333548069000244
0.0444751568138599
-0.0430011227726936
-0.0533320680260658
0.0451867617666721
0.0403072014451027
0.0157314985990524
0.0147403385490179
0.0844646766781807
0.0797503143548965
-0.0712237879633904
-0.2963062226772308
-0.4162747859954834
-0.3876962959766388
-0.2273443043231964
-0.0853033512830734
-0.0058453064411879
-0.0890011414885521
-0.1674044877290726
-0.2618570327758789
-0.4187907874584198
-0.5698029994964600
-0.5975682139396667
-0.5185167789459229
-0.2972084283828735
-0.0921144038438797
-0.0220723859965801
-0.1414310038089752
-0.2303431928157806
-0.2924050986766815
-0.3395233452320099
-0.3878996074199677
-0.3562079071998596
-0.3090388178825378
-0.1513426154851913
-0.0095939273014665
-0.0490595102310181
0.1336527764797211
0.1448172628879547
0.0777616202831268
0.0358661711215973
0.0523148626089096
0.0532891750335693
0.0003438750864007
0.0096858143806458
-0.0113364150747657
-0.0686947777867317
0.0697837173938751
0.0374250710010529
0.0088834399357438
0.0123336529359221
0.0135716032236814
0.0292179193347692
-0.0228676926344633
0.0309946071356535
0.0134913660585880
-0.0652904137969017
-0.0026707630604506
-0.0469274856150150
-0.0812576785683632
-0.0492085255682468
-0.0214692670851946
0.0068316515535116
-0.0261230431497097
-0.0154973035678267
0.0330463945865631
-0.0304558705538511
-0.0624362528324127
-0.1004917621612549
-0.1081257909536362
-0.1259499788284302
-0.1124471500515938
-0.0836877301335335
-0.0628374367952347
-0.0647287517786026
0.0148324789479375
-0.0078747393563390
-0.0171937532722950
-0.1112665161490440
-0.1164246425032616
-0.2141195535659790
-0.2068867087364197
-0.1429144889116287
-0.1223736777901649
-0.1411607265472412
-0.0278424192219973
0.0065336264669895
0.0095368018373847
-0.0967320576310158
-0.1146479547023773
-0.2158733159303665
-0.2552240788936615
-0.1636960059404373
-0.1106704622507095
-0.1398081481456757
-0.0444859713315964
0.0227186810225248
0.0670556426048279
-0.0287823434919119
-0.0848339796066284
-0.1716509759426117
-0.2240919321775436
-0.0608658902347088
-0.0763517320156097
-0.1204365193843842
-0.0150617286562920
0.0180075913667679
0.0598342642188072
0.0322554819285870
-0.0728212818503380
-0.1465022414922714
-0.0608315020799637
0.1919625252485275
0.1678683459758759
0.1185681298375130
0.0809825807809830
-0.0706204771995544
0.0128838531672955
0.0526816621422768
0.0042755133472383
0.0571749620139599
0.2607604861259460
0.3986085355281830
0.2922938168048859
0.2409418076276779
0.1752616614103317
-0.0865648239850998
-0.0481425113976002
-0.0047340136952698
0.0181909911334515
0.1109455600380898
0.2613335847854614
0.3428778350353241
0.2515675425529480
0.1554315388202667
0.0950699970126152
-0.0509938597679138
0.0511561743915081
0.0904273092746735
0.0841150730848312
0.0998595952987671
0.1057119369506836
0.0846651345491409
0.0562871210277081
-0.0496682897210121
-0.0477475672960281
-0.0234364345669746
-0.0132917677983642
0.0212812572717667
0.0090535515919328
0.0435995236039162
0.0833576023578644
0.0883623063564301
0.0539966821670532
-0.0436806827783585
-0.0283329281955957
0.0674507617950439
0.1092107221484184
0.1180027648806572
0.0702732354402542
0.0803096890449524
0.0825550481677055
0.1042060181498528
0.0759993344545364
-0.0234634876251221
0.0036610974930227
0.0868744179606438
0.1488966643810272
0.1057299748063087
0.0721849426627159
0.0924472212791443
0.0786594897508621
0.0656562820076942
0.0737359449267387
0.0012624474475160
0.0516701713204384
0.0354657545685768
0.0966493710875511
0.0427067950367928
0.0411016829311848
0.0961534082889557
0.1093730330467224
0.0986963361501694
0.1221598237752914
0.0230937711894512
0.0376840569078922
0.0247620046138763
0.1012663170695305
0.0446545705199242
0.0512734018266201
0.1457495540380478
0.1921895891427994
0.2059322297573090
0.2235704213380814
0.1439911425113678
0.0983446538448334
0.1102387160062790
0.2173393368721008
0.2405232936143875
0.2528411746025085
0.3302382230758667
0.2994254827499390
0.3388228714466095
0.3083527982234955
0.2460149377584457
0.1441714912652969
0.1295992434024811
0.2939338386058807
0.4074368774890900
0.4162559807300568
0.4118193686008453
0.3327270448207855
0.3198500871658325
0.2902366518974304
0.2275110632181168
0.0971092581748962
0.1021410152316093
0.3011387884616852
0.4637330174446106
0.4561042189598083
0.3531606495380402
0.1436394602060318
0.0495510622859001
0.0513455420732498
0.0602277591824532
0.0137787116691470
0.0054645938798785
0.0764321759343147
0.1657052487134933
0.1193283349275589
-0.0112628350034356
-0.1607005447149277
-0.2082136571407318
-0.1724142432212830
-0.1425844281911850
-0.0939170718193054
-0.1691981256008148
-0.2359836399555206
-0.2531697452068329
-0.2156755775213242
-0.2484408915042877
-0.2425183355808258
-0.2522668242454529
-0.3196338713169098
-0.3035343289375305
-0.2794309556484222
-0.2561539709568024
-0.3802825808525085
-0.3825781345367432
-0.3309892416000366
-0.3685752153396606
-0.3263216018676758
-0.3863887786865234
-0.4092372655868530
-0.3782930970191956
-0.3009174168109894
-0.3126400709152222
-0.4839807152748108
-0.4522560834884644
-0.3900769948959351
-0.4015854001045227
-0.3870009183883667
-0.4402273297309875
-0.4299585223197937
-0.4129254519939423
-0.2630100548267365
-0.2005095779895782
-0.3489252328872681
-0.3175984621047974
-0.3342489302158356
-0.3339122533798218
-0.3387329280376434
-0.3393297791481018
-0.3574953079223633
-0.4093903005123138
-0.2998767495155334
-0.1942350417375565
-0.3135735988616943
-0.2533227801322937
-0.3150121569633484
-0.3330246508121490
-0.4185878336429596
-0.4322540760040283
-0.4017690420150757
-0.4061459004878998
-0.2997237145900726
-0.1846855133771896
-0.3145224153995514
-0.2954233586788177
-0.3657593429088593
-0.3514503538608551
-0.3574034869670868
-0.3214091062545776
-0.2215828299522400
-0.2652137875556946
-0.2048711478710175
-0.2097530364990234
-0.3504096865653992
-0.2511190474033356
-0.2913984656333923
-0.2264800220727921
-0.2158133089542389
-0.2861186861991882
-0.1665199697017670
-0.2838996350765228
-0.1456915885210037
0.0297045558691025
-0.1016933396458626
-0.0730600431561470
-0.1792526841163635
-0.1506806015968323
0.0116920555010438
-0.0641226619482040
0.1125436872243881
-0.1477881968021393
-0.0676425248384476
0.1347188055515289
0.1461966037750244
0.1976630836725235
0.1434725373983383
0.1066670566797256
0.1476351618766785
-0.0890830606222153
-0.0646888986229897
-0.2507211267948151
-0.1184509322047234
0.1318570077419281
0.1494257003068924
0.1329282671213150
0.1146862134337425
0.0402488298714161
0.1102328225970268
-0.0663110986351967
-0.0004132009344175
-0.1256742924451828
-0.0334692746400833
-0.0173846557736397
-0.0055630896240473
0.0380641147494316
0.0912611633539200
0.0119209066033363
-0.0175171103328466
-0.0368057973682880
0.0595548599958420
0.0154475076124072
-0.0002317954058526
-0.1077517494559288
-0.1224873140454292
-0.0424020029604435
0.0072022140957415
-0.0316400714218616
-0.0773699954152107
-0.0974368527531624
-0.0603495873510838
-0.1308484971523285
-0.1027847006917000
-0.1554519236087799
-0.2088145464658737
-0.2088973224163055
-0.1760320514440536
-0.2287158370018005
-0.2634354829788208
-0.2424248754978180
-0.1745916008949280
-0.1727206856012344
-0.0892081186175346
-0.1417097747325897
-0.2506867349147797
-0.2840652763843536
-0.3155066668987274
-0.3322124779224396
-0.3421300053596497
-0.2679223716259003
-0.1973572224378586
-0.1746578365564346
-0.1029337123036385
-0.1019568666815758
-0.2477892786264420
-0.2770120501518250
-0.3086355924606323
-0.4021319150924683
-0.4554283022880554
-0.4315036833286285
-0.3276924788951874
-0.2715814411640167
-0.1798566728830338
-0.1115432605147362
-0.3214008808135986
-0.3177252709865570
-0.3824789822101593
-0.3547959625720978
-0.3652598857879639
-0.3359377682209015
-0.3042645752429962
-0.2891978919506073
-0.2261495292186737
-0.1124538853764534
-0.2292290925979614
-0.1230668053030968
-0.0822211429476738
-0.0516407042741776
-0.1422561556100845
-0.2005692571401596
-0.2790982127189636
-0.2660349011421204
-0.1760982722043991
-0.0917578637599945
-0.1533160954713821
-0.0851351395249367
-0.0075333504937589
0.0324513576924801
0.0173349846154451
-0.0355474799871445
-0.1376533508300781
-0.2420606315135956
-0.1654522418975830
0.0184774044901133
0.0258783008903265
0.0769726336002350
0.2064469158649445
0.2619784772396088
0.2018110156059265
0.1460642218589783
-0.0154971787706017
-0.0329811759293079
-0.0217556543648243
0.0044703399762511
0.0183118376880884
0.0666246190667152
0.1702040582895279
0.2520443797111511
0.2608857154846191
0.2347921878099442
0.1304014772176743
0.0722704976797104
0.0401502735912800
-0.0012263306416571
0.0834423005580902
0.1038149371743202
0.1591984480619431
0.1714185774326324
0.1473496705293655
0.1372799426317215
0.1092643365263939
0.0578620806336403
0.0402443744242191
0.0692617744207382
0.2043567746877670
0.2229071855545044
0.2499814629554749
0.2027763724327087
0.1703390628099442
0.1664527952671051
0.1845195889472961
0.1446033865213394
0.0669559240341187
0.0934774875640869
0.1907894164323807
0.2128806412220001
0.1930434405803680
0.1996414512395859
0.1537663191556931
0.1150159984827042
0.1288251727819443
0.1532136052846909
0.0701512992382050
0.0796337649226189
0.0946951806545258
0.1045576408505440
0.0813523605465889
0.0756352394819260
0.0329468399286270
0.0244488883763552
0.0461255796253681
0.1062762364745140
0.0514540709555149
0.0384048782289028
0.0252434127032757
-0.0110283400863409
-0.0618519745767117
-0.0500291101634502
-0.0394671224057674
0.0010795164853334
0.0409957170486450
0.0485264211893082
0.0120474034920335
0.0139300804585218
-0.0199580993503332
-0.0765161216259003
-0.0692185908555984
-0.0075220703147352
-0.0139387166127563
0.0176090728491545
0.0989096164703369
0.0838827416300774
0.0193103905767202
0.0104842633008957
-0.0210462529212236
-0.0360299423336983
0.0063648289069533
0.0755229666829109
0.0365653820335865
-0.0093097500503063
0.0685104280710220
0.0405120924115181
0.0201567318290472
-0.0090247569605708
-0.0098970066756010
-0.0103029049932957
0.0042317043989897
-0.0387330502271652
-0.0707126483321190
-0.1090743392705917
-0.0519376955926418
-0.0659454986453056
-0.0288878604769707
-0.0711789950728416
-0.0362458452582359
-0.0473173633217812
-0.0815855339169502
-0.2693004906177521
-0.2958306968212128
-0.2686959505081177
-0.1799251586198807
-0.1610465794801712
-0.0589934140443802
-0.1129087805747986
-0.1442924886941910
-0.1625751703977585
-0.1936220675706863
-0.3211691081523895
-0.3405312895774841
-0.2828505933284760
-0.1844332218170166
-0.1659087240695953
-0.0779238119721413
-0.0585617795586586
0.0008399881189689
0.0852953121066093
0.0514949224889278
-0.0212553516030312
0.0078338021412492
0.0440993756055832
0.0878335386514664
0.1276051551103592
0.0560418143868446
-0.0637295320630074
-0.0184797383844852
0.0749050229787827
0.0250900797545910
0.0030312614981085
0.0406298600137234
0.0615199990570545
0.0627982392907143
0.0837066397070885
0.0296734925359488
-0.0534305460751057
-0.0877970159053802
-0.0369412153959274
-0.0823918730020523
-0.0620495565235615
-0.0329238809645176
-0.0273543950170279
-0.0431680828332901
0.0138598037883639
-0.0276283044368029
0.0533392429351807
-0.0310795605182648
-0.0303856562823057
-0.0450124070048332
-0.0358638390898705
-0.0505453720688820
-0.0461810864508152
-0.0115589667111635
0.0403376892209053
-0.0048208013176918
0.0325221493840218
-0.0186806041747332
-0.0361925326287746
-0.0010225941659883
-0.0153571739792824
-0.0510566681623459
-0.0589817725121975
-0.0372881665825844
-0.0185162592679262
-0.0494679957628250
0.0236474908888340
-0.0023373581934720
0.0251266006380320
0.0563887655735016
0.0102989841252565
-0.0687877237796783
-0.0915221795439720
-0.0473680235445499
-0.0718555003404617
-0.0610634833574295
-0.0346951596438885
-0.0279752556234598
-0.0082355355843902
0.0371603444218636
-0.0143893612548709
-0.1193330958485603
-0.2157125920057297
-0.1589768826961517
-0.1598716527223587
-0.0694633647799492
-0.0533940270543098
-0.0851674899458885
-0.0836701169610023
-0.0713989883661270
-0.1787531226873398
-0.2430304735898972
-0.3202911019325256
-0.2328593134880066
-0.2440530657768250
-0.1319876909255981
0.0115772271528840
-0.0090024815872312
-0.0279752556234598
-0.0619399920105934
-0.2486364841461182
-0.4122332930564880
-0.4920504093170166
-0.3916353285312653
-0.3399212658405304
-0.2106726616621017
0.0452863164246082
0.0425654835999012
0.0341838635504246
-0.0210544839501381
-0.2192003726959229
-0.3817015588283539
-0.4477501809597015
-0.3335483074188232
-0.2440895885229111
-0.1607481539249420
-0.0202474296092987
0.0758079141378403
0.1742526441812515
0.1784460693597794
0.1394481807947159
0.1032714918255806
0.0721230730414391
0.0420781895518303
0.0346989147365093
-0.0147873414680362
0.0517988763749599
0.1540148109197617
0.2412035167217255
0.2054970264434814
0.1285375952720642
0.0930518135428429
0.0945199951529503
0.0952876731753349
0.1278850734233856
0.0379423424601555
0.0751745849847794
0.1529496610164642
0.2525747120380402
0.1923409849405289
0.1607895493507385
0.1347461640834808
0.1277507245540619
0.1355138421058655
0.1493415981531143
0.0381726436316967
0.0741766020655632
0.1266280114650726
0.1378744393587112
0.1775152683258057
0.1487562358379364
0.1096911728382111
0.1229335665702820
0.1162931770086288
0.1625264137983322
0.0506761521100998
-0.0015545419882983
0.0348140634596348
0.0023893886245787
0.1006230115890503
0.0983103886246681
0.1142396479845047
0.1583041995763779
0.1148921698331833
0.1287103295326233
0.0184050109237432
0.0053353416733444
0.0754720568656921
-0.0083004869520664
0.0865265801548958
0.1218300387263298
0.1193446889519691
0.1734753698110580
0.0987805947661400
0.1249679103493690
0.0039439308457077
0.0407251641154289
0.1145946979522705
0.0808265879750252
0.1370683908462524
0.1269542723894119
0.0754624605178833
0.0280393324792385
-0.0201418753713369
0.0443140454590321
-0.0370307266712189
0.0970629155635834
0.1533239036798477
0.0898755639791489
0.0923800989985466
0.0004702009900939
-0.0723725706338882
-0.1609718650579453
-0.1665183156728745
-0.0956523120403290
-0.1455607861280441
0.1191527694463730
0.1357729285955429
0.0921210125088692
0.1019472479820251
0.0486610047519207
-0.0806442648172379
-0.2254949659109116
-0.2259267717599869
-0.1269638687372208
-0.1687541753053665
0.0828705281019211
0.0919674783945084
0.0512710995972157
0.0466362610459328
0.0252661053091288
-0.0435271784663200
-0.1100270301103592
-0.1059487536549568
-0.0660008639097214
-0.1056608781218529
-0.0179827660322189
-0.0027912908699363
-0.0045760036446154
0.0166478008031845
0.0711029618978500
0.0531915798783302
0.0594523549079895
0.0225516315549612
0.0272775515913963
0.0198103114962578
0.0660129562020302
0.1054265573620796
0.0748294368386269
0.0737300589680672
0.0942042842507362
0.0870797112584114
0.1273285448551178
0.0838957801461220
0.0811544582247734
0.0541981607675552
0.0881648138165474
0.1348457634449005
0.1207750886678696
0.1221100538969040
0.1430483013391495
0.1219815537333488
0.1210749149322510
0.0834960043430328
0.0620580352842808
0.0571179501712322
0.0834888666868210
0.1392004638910294
0.1239304617047310
0.1226169094443321
0.0798837468028069
0.0328744091093540
0.0121146310120821
0.0119718536734581
0.0235153753310442
0.0070174909196794
0.0097730876877904
0.0304686166346073
0.0050900010392070
0.0469379462301731
0.0550476834177971
-0.0105083892121911
-0.0118362158536911
-0.0340594612061977
-0.0184967629611492
-0.0480301901698112
0.0187037903815508
0.0254642833024263
0.0062036616727710
0.0214022770524025
0.0463882572948933
-0.0031982054933906
0.0205027814954519
-0.0297618713229895
-0.0333455726504326
-0.0854306370019913
-0.0000642496597720
-0.0087736481800675
-0.0279914364218712
0.0037978689651936
-0.0004069145361427
0.0031196780037135
0.0430115796625614
0.0048615578562021
0.0120289642363787
-0.0466738082468510
0.0103085013106465
0.0024057929404080
-0.0202100872993469
0.0288623757660389
0.0118362158536911
0.0257141422480345
0.0459313690662384
0.0315251685678959
-0.0254214499145746
-0.0597664639353752
0.0603661276400089
0.0709459036588669
0.0477446392178535
0.0517495311796665
0.0360654778778553
0.0196532569825649
0.0262995287775993
-0.0033838155213743
-0.0080097913742065
-0.0406700372695923
0.0701035186648369
0.0707531571388245
0.0382927991449833
0.0356942564249039
0.0260211136192083
0.0401631779968739
0.0498006269335747
0.0468879751861095
0.0119789922609925
-0.0041976445354521
0.0309571586549282
0.0548043027520180
0.1678943634033203
0.1799241900444031
0.2144935578107834
0.2736619412899017
0.2339275926351547
0.2035588473081589
0.1098701283335686
-0.0378546863794327
0.0055572511628270
-0.0014546922175214
0.1747919023036957
0.1613727658987045
0.1812317669391632
0.3026413619518280
0.2577747404575348
0.1892734467983246
0.1111450269818306
-0.0502440892159939
0.1239920854568481
0.1236651837825775
0.2251994311809540
0.1568942815065384
0.1540993154048920
0.1966613233089447
0.2036896049976349
0.1659002900123596
0.1096086055040359
-0.0344222672283649
0.1740890741348267
0.2010090500116348
0.2243331521749496
0.1526119261980057
0.1700518876314163
0.1805289387702942
0.1877370178699493
0.1608824282884598
0.1714085191488266
0.0819858014583588
0.1228969767689705
0.1761485189199448
0.1212624907493591
0.1224720105528831
0.1394870132207870
0.1131064072251320
0.1491468101739883
0.1225864216685295
0.2058307826519012
0.1374602466821671
0.0753988251090050
0.1480190157890320
0.0415813140571117
0.0875757411122322
0.1539685428142548
0.1740890741348267
0.2653097212314606
0.2000120133161545
0.2051769793033600
0.1117988228797913
0.1669136732816696
0.2420182973146439
0.1778156906366348
0.1995216608047485
0.2861167192459106
0.3358214199542999
0.3701783120632172
0.2984570860862732
0.2811152040958405
0.0621758364140987
0.3174661397933960
0.4118576943874359
0.3700965940952301
0.4097165167331696
0.4156660437583923
0.3897431194782257
0.2543913424015045
0.2523972690105438
0.1920357197523117
-0.1189905554056168
0.3231214582920074
0.3537026941776276
0.2629723846912384
0.2850869894027710
0.2145589292049408
0.0436407662928104
-0.0914167836308479
0.0368903428316116
0.0036939375568181
-0.2577747404575348
0.1338970661163330
0.1076799184083939
-0.0518295392394066
-0.0582040362060070
-0.1073693633079529
-0.2308710962533951
-0.3223205804824829
-0.1517619937658310
-0.1499477177858353
-0.2434566468000412
-0.0315693579614162
0.0873450934886932
0.0537384897470474
0.0461028106510639
0.1299990266561508
0.1543337404727936
0.0795329660177231
0.1807217448949814
0.1584884375333786
-0.0221691317856312
-0.1787165701389313
-0.0651599243283272
-0.0437768176198006
-0.0545245148241520
0.0871044769883156
0.1260688900947571
0.0447072163224220
0.1797432154417038
0.1523125171661377
-0.0051492704078555
-0.0222814213484526
0.0684484019875526
0.0899598374962807
-0.0293235704302788
0.0409856252372265
0.0801264941692352
0.0787950605154037
0.2000355124473572
0.1924158781766891
0.0642295256257057
-0.0047803195193410
0.1088725775480270
0.1156901419162750
0.0360448919236660
0.0622885227203369
0.0790517255663872
0.1091131940484047
0.1962818354368210
0.2165741324424744
0.1715621352195740
-0.0852757617831230
0.0257944744080305
0.0585669316351414
0.0233401507139206
0.0434880740940571
0.0287781637161970
0.0083735799416900
0.1441154032945633
0.2640885710716248
0.2429942190647125
-0.0923179090023041
-0.0071544377133250
0.0123197492212057
0.0336547307670116
0.1036912202835083
0.1284911334514618
0.0460546873509884
0.1313946098089218
0.2757987678050995
0.3736830055713654
-0.0625451877713203
0.0735976696014404
0.1774011850357056
0.2091951221227646
0.2504534423351288
0.2754618823528290
0.2257658243179321
0.2410211414098740
0.3008393049240112
0.3625663816928864
-0.0213189404457808
0.2128846198320389
0.1994259357452393
0.2010942399501801
0.3469581604003906
0.4235074222087860
0.3464608788490295
0.3590212464332581
0.1880365908145905
0.2374278753995895
-0.0672613382339478
0.1557293236255646
0.1641670763492584
0.1986559629440308
0.4287048280239105
0.4579160809516907
0.3963173627853394
0.3474073112010956
0.1198929771780968
0.0551661700010300
-0.0922858268022537
0.0869280248880386
0.1215452328324318
0.1682576239109039
0.3575614690780640
0.3102876543998718
0.1783155351877213
0.1816200464963913
0.0657855346798897
0.0115978885442019
-0.0299908686429262
0.0288225039839745
-0.0389340072870255
-0.1035634279251099
-0.0504458248615265
-0.0694145560264587
-0.0635813251137733
-0.0630229189991951
-0.0819658786058426
-0.0386762805283070
0.0621896013617516
0.0987353324890137
0.0187024120241404
-0.0202144123613834
-0.0038057733327150
-0.0149052301421762
0.0053349556401372
-0.0288053229451180
-0.0370440073311329
0.0017697275616229
0.0066923191770911
0.0559869632124901
-0.0084276832640171
-0.0102575467899442
-0.0244239587336779
-0.0684953331947327
-0.0829108804464340
-0.0929966047406197
-0.0919742882251740
-0.0139516387134790
-0.0570608265697956
-0.0508581884205341
-0.1020256504416466
-0.0987095609307289
-0.1167504712939262
-0.1389236152172089
-0.1334340274333954
-0.1526862531900406
-0.1269135177135468
-0.0683750584721565
-0.0588047839701176
-0.1151439771056175
-0.1833042502403259
-0.2236385792493820
-0.2316023558378220
-0.2340765446424484
-0.1621706187725067
-0.1491210311651230
-0.1461142003536224
-0.0909176096320152
-0.0618030093610287
-0.1644643843173981
-0.2143604010343552
-0.2543768584728241
-0.2634059190750122
-0.2562496662139893
-0.1615864336490631
-0.1419733911752701
-0.1105736121535301
-0.0625847801566124
-0.0745862871408463
-0.1507275253534317
-0.2103226780891418
-0.2574523985385895
-0.2988434135913849
-0.2801667749881744
-0.1639317572116852
-0.0894743353128433
-0.0511846430599689
0.0044672735966742
-0.1510883420705795
-0.2317741811275482
-0.2349785864353180
-0.2320748567581177
-0.1752288043498993
-0.0865018814802170
-0.0026288186199963
0.0098108202219009
0.0058504100888968
0.0417690053582191
-0.1192590221762657
-0.2024791687726974
-0.1985874921083450
-0.1801170259714127
-0.0364770069718361
0.0506605990231037
0.0888987407088280
0.0731516033411026
0.0914072841405869
0.1024380177259445
-0.0318465046584606
-0.0252830497920513
-0.0069500464014709
-0.0014948184834793
0.0658665075898170
0.0823954194784164
0.0975927412509918
0.0724643319845200
0.0796549245715141
0.0703166052699089
0.0019068071851507
-0.0883152782917023
-0.1674477756023407
-0.2109832018613815
-0.2205573767423630
-0.2039079368114471
-0.1732183843851089
-0.1814678311347961
-0.1200084239244461
-0.0400931313633919
-0.0607669353485107
-0.1404714733362198
-0.2251939326524734
-0.2367351353168488
-0.2523910105228424
-0.2413215041160583
-0.2308139950037003
-0.2396053820848465
-0.1583954691886902
-0.0585490167140961
-0.0936543419957161
-0.1503969132900238
-0.2315165102481842
-0.2010878771543503
-0.2466304600238800
-0.2512971162796021
-0.2783537209033966
-0.2662906348705292
-0.1728269904851913
-0.0482823662459850
-0.1669359505176544
-0.2313258200883865
-0.2777616083621979
-0.2056642174720764
-0.2545487284660339
-0.2686992585659027
-0.2997300326824188
-0.3200325071811676
-0.2439107447862625
-0.1557158976793289
-0.1715624779462814
-0.2494003474712372
-0.3026705086231232
-0.2246519923210144
-0.2642332911491394
-0.3363306820392609
-0.3492869436740875
-0.3995463550090790
-0.3256525695323944
-0.2481559067964554
-0.1172987520694733
-0.1822004467248917
-0.2120771110057831
-0.2274519950151443
-0.3337514698505402
-0.3893700242042542
-0.3499693870544434
-0.3446503877639771
-0.3216884136199951
-0.2904368340969086
-0.1143281459808350
-0.2145057767629623
-0.2659092843532562
-0.3313328325748444
-0.3270776569843292
-0.2837831079959869
-0.1894262433052063
-0.1952169090509415
-0.2245215326547623
-0.2230763733386993
0.0084200594574213
-0.0527683794498444
-0.0257418975234032
-0.0582178346812725
-0.0142609104514122
0.0924199372529984
0.1886133402585983
0.1415653824806213
0.0666178241372108
-0.0380658954381943
0.0584687292575836
0.0313017442822456
0.1024959087371826
0.0771955847740173
0.1780656874179840
0.3257730007171631
0.3880754113197327
0.2157000452280045
0.1401804387569427
0.0117218466475606
0.0307096317410469
-0.0080386977642775
0.0027397808153182
-0.0193591117858887
0.0537418574094772
0.1582248508930206
0.2063968330621719
0.0797246098518372
0.0183153860270977
-0.0299067664891481
0.1165320351719856
0.0781886056065559
-0.0147236166521907
-0.0800494626164436
-0.0956871807575226
-0.0934508889913559
-0.0832977965474129
-0.0246481820940971
-0.0222160108387470
0.0876561179757118
0.0339198186993599
-0.0436974726617336
-0.1645715087652206
-0.2177691459655762
-0.1780545562505722
-0.2036168426275253
-0.2345331758260727
-0.1702356934547424
-0.1989973485469818
-0.0068884324282408
-0.0067578461021185
-0.0935977995395660
-0.2053960859775543
-0.2101624906063080
-0.1636737287044525
-0.1602784842252731
-0.1952593177556992
-0.1701867282390594
-0.1683911681175232
-0.0181025397032499
-0.0901535823941231
-0.1759325265884399
-0.2510197162628174
-0.1341448724269867
-0.0954586565494537
-0.0114426333457232
-0.0359439067542553
-0.0421957299113274
-0.0612776689231396
-0.0327118933200836
0.0103489719331264
0.0523977912962437
-0.0137442182749510
0.1229307726025581
0.0519407391548157
0.0567234680056572
0.0172863751649857
-0.0242401007562876
-0.0591229908168316
-0.0806044563651085
-0.0132055496796966
0.0421794056892395
0.0156377218663692
0.1012207791209221
-0.0691781416535378
-0.1214453503489494
-0.1711498051881790
-0.1601968705654144
-0.1405599415302277
-0.1440857648849487
-0.1063463017344475
-0.1453916281461716
-0.2410788089036942
-0.2349739074707031
-0.3085430264472961
-0.3421853482723236
-0.3491227328777313
-0.3587698042392731
-0.2269101887941360
-0.1541735678911209
-0.1000944748520851
-0.2709504663944244
-0.3778680562973022
-0.4718576371669769
-0.5380159616470337
-0.4528573155403137
-0.3231850266456604
-0.3048049807548523
-0.0964217334985733
-0.0617836900055408
-0.1004372611641884
-0.3124116361141205
-0.4969628751277924
-0.6074063181877136
-0.5382771492004395
-0.2204461693763733
0.0628936737775803
0.0759196653962135
0.1287908405065536
0.0851423293352127
-0.0551890768110752
-0.1803398132324219
-0.2585774064064026
-0.3234625160694122
-0.2053797543048859
-0.0001305863988819
0.1970548778772354
0.1782014667987823
0.1868201643228531
0.1217065230011940
0.0325524732470512
0.0553935654461384
0.0038573741912842
-0.0031256228685379
0.0166212059557438
-0.0086137568578124
-0.0257053747773170
-0.0431628674268723
-0.0256112907081842
-0.0166943799704313
0.0167989172041416
0.0568988807499409
0.0153981354087591
0.0031151692382991
-0.0019443674245849
-0.0084569528698921
-0.0318416319787502
0.0032824268564582
0.0696104466915131
0.0582892075181007
0.0051536192186177
0.0011289875255898
-0.0435182899236679
-0.0456821806728840
-0.0687114372849464
-0.0809630453586578
-0.0996854156255722
-0.0547977089881897
0.0130147179588675
0.0445741005241871
-0.0746386200189590
-0.1339313685894012
-0.1490681767463684
-0.1844431161880493
-0.2047439813613892
-0.2332718223333359
-0.2307943254709244
-0.1881332248449326
-0.0944168120622635
-0.0230397079139948
-0.0765202641487122
-0.2126991599798203
-0.2858324646949768
-0.4123626947402954
-0.3895843327045441
-0.4119863808155060
-0.3689489364624023
-0.2981572449207306
-0.1891681402921677
-0.0676660761237144
-0.1756516396999359
-0.3744475245475769
-0.4830080568790436
-0.6071862578392029
-0.5439524650573730
-0.4929180443286896
-0.3719073235988617
-0.2628450393676758
-0.1835963726043701
-0.0678960531949997
-0.1878614425659180
-0.3841170966625214
-0.4712373018264771
-0.5693651437759399
-0.5043333768844604
-0.3879849314689636
-0.2268010526895523
-0.1038145869970322
-0.0683978274464607
-0.0004285971226636
-0.1384786814451218
-0.2782118022441864
-0.3265073895454407
-0.3340339660644531
-0.2145808041095734
-0.0632546618580818
0.0701017603278160
0.1287045776844025
0.1107244119048119
0.1099090278148651
-0.0411348715424538
-0.0347477272152901
0.0173320490866899
0.0628260672092438
0.1695885658264160
0.2182709276676178
0.2431191056966782
0.2239263206720352
0.2204661816358566
0.1526014804840088
-0.0233010482043028
-0.0011708019301295
0.0245659332722425
0.0776910707354546
0.1423674225807190
0.1592186093330383
0.1366597563028336
0.1182405352592468
0.0851340219378471
0.0431733205914497
0.0576114021241665
0.0039220503531396
0.0011313607683405
-0.0454555600881577
-0.0698175281286240
-0.0516026206314564
-0.0193839799612761
0.0475171506404877
0.1178249344229698
0.1129223704338074
0.0661846026778221
0.0416466444730759
0.0479319840669632
0.0179132111370564
-0.0029918206855655
-0.0273915007710457
0.0159396156668663
0.0260841492563486
0.1138274595141411
0.0944560468196869
-0.0023632869124413
-0.0094154356047511
-0.0421494729816914
-0.0476302877068520
-0.0569074451923370
-0.0585290603339672
-0.0509489439427853
-0.0269138142466545
0.0509740859270096
0.0738024339079857
-0.0764548406004906
-0.1095911413431168
-0.1210555955767632
-0.1349713355302811
-0.1483842432498932
-0.1611686199903488
-0.1609674841165543
-0.1272529363632202
-0.0096542779356241
0.0241608358919621
-0.0888243839144707
-0.1865488141775131
-0.2098799794912338
-0.2781638801097870
-0.2512500882148743
-0.2701312303543091
-0.2480948418378830
-0.1968064904212952
-0.0673033893108368
0.0075046927668154
-0.0746823772788048
-0.1793709546327591
-0.1900308877229691
-0.2639464437961578
-0.1689750105142593
-0.1592955887317657
-0.1080575212836266
-0.1107225045561790
-0.0820236504077911
-0.0226272139698267
0.0204650592058897
-0.0386045426130295
-0.0241231247782707
-0.0678942129015923
-0.0341545231640339
-0.0716654136776924
-0.0325580462813377
-0.0248270817101002
-0.0414832271635532
0.0003519789024722
0.0237334333360195
0.0001508480927441
-0.0377371646463871
-0.0626899525523186
-0.0358641333878040
0.0060842065140605
0.0086486246436834
0.0549967028200626
0.0028912550769746
0.0296416506171227
0.0002639841695782
-0.0360275544226170
-0.0464235022664070
-0.0337396897375584
0.0750217884778976
0.1450278759002686
0.1910113990306854
0.1742924004793167
0.1215709969401360
0.1036200746893883
-0.0327717475593090
-0.0678942129015923
-0.0835195630788803
-0.0847766324877739
0.0387176796793938
0.1509989500045776
0.2299553453922272
0.1905965656042099
0.1552478373050690
0.0801506191492081
0.0664633139967918
0.0148230474442244
-0.0112374834716320
0.1021152287721634
0.1238812357187271
0.1375226676464081
0.1045354828238487
0.1187555044889450
0.0376647189259529
-0.0008800929645076
0.0709778666496277
0.0477368943393230
-0.0089720590040088
0.0552584305405617
0.0449580810964108
0.0896716937422752
0.0687450394034386
0.1420698165893555
0.0824353769421577
0.0471175685524940
0.0137066328898072
0.0104470290243626
-0.0091839330270886
0.0202502869069576
0.0130873080343008
0.0314062796533108
0.0309662334620953
0.1224144101142883
0.1117229089140892
0.0856542289257050
-0.0503364279866219
0.0108055854216218
-0.0115389963611960
-0.0285704247653484
-0.0305832307785749
-0.0085075655952096
-0.0039359712973237
0.0604574978351593
0.0778474807739258
0.0978858917951584
-0.0614353790879250
-0.0320663489401340
-0.0337531939148903
-0.0775459706783295
-0.0849045217037201
-0.0441920757293701
-0.0231920797377825
0.0421140789985657
0.0889464318752289
0.0956775099039078
-0.1053014919161797
-0.0702770501375198
-0.0820279195904732
-0.1009499207139015
-0.0580779872834682
0.0256123356521130
0.0611746087670326
0.0663003325462341
0.1182584166526794
0.1213468909263611
-0.0750686675310135
-0.0691932365298271
-0.0706845000386238
-0.0675634294748306
-0.0184330586344004
0.0845948606729507
0.1257392019033432
0.0582002215087414
0.1090826317667961
0.0944714620709419
-0.0457159392535686
-0.0162817202508450
-0.0498474873602390
0.0108870761469007
0.0969324633479118
0.2024213820695877
0.2102281302213669
0.1256495714187622
0.1282165050506592
0.0861350223422050
-0.0457322373986244
-0.0050116404891014
-0.0066006970591843
0.0850349068641663
0.2128765583038330
0.3132723569869995
0.2894609570503235
0.2189068198204041
0.2177007645368576
0.1007380485534668
-0.0529115162789822
-0.0384307242929935
-0.0413806661963463
0.0493911430239677
0.2124283611774445
0.3243550062179565
0.2998916804790497
0.2323037981987000
0.1842083483934402
0.0855238512158394
-0.0106690395623446
0.1158051863312721
0.2811357975006104
0.3104295432567596
0.2640389800071716
0.1688869446516037
0.1140928715467453
-0.0008429858717136
0.0500259436666965
0.0790035799145699
0.0556897558271885
0.1393561065196991
0.2327431291341782
0.1900142878293991
0.1989710032939911
0.1321380287408829
0.1053732335567474
-0.0387510061264038
0.0305582378059626
0.0459954179823399
0.1376437842845917
0.1807677894830704
0.1840343475341797
0.1169642880558968
0.1436237245798111
0.0739983543753624
0.0940192714333534
0.0392251871526241
0.0494727343320847
0.0489195249974728
0.2474953830242157
0.2045031040906906
0.1405415534973145
0.1437027454376221
0.1308472156524658
0.0601417720317841
0.1578227579593658
0.2023956328630447
0.2262890189886093
0.0878285914659500
0.2282120883464813
0.2041079550981522
0.1426753550767899
0.2219160348176956
0.1852988302707672
0.1234183982014656
0.1625645607709885
0.2556354701519012
0.2671211361885071
0.0925440415740013
0.1962839961051941
0.1560841053724289
0.1041087582707405
0.1972586959600449
0.1703621745109558
0.1144616752862930
0.0936504602432251
0.1899089068174362
0.2507356107234955
0.1004733815789223
0.1497090160846710
0.1504729837179184
0.1548459678888321
0.2043713927268982
0.1776856184005737
0.0604578927159309
-0.0629078224301338
0.0239987540990114
0.1070855483412743
0.0275287572294474
0.1197566837072372
0.0327710770070553
0.0636717751622200
0.0023708976805210
-0.1814263612031937
-0.4025520980358124
-0.4774197936058044
-0.3182008266448975
-0.1514740288257599
-0.0652787163853645
0.0642249882221222
-0.1241296678781509
-0.1445193886756897
-0.2936225235462189
-0.5487310886383057
-0.7196992039680481
-0.6487566828727722
-0.4891688823699951
-0.3168836534023285
-0.1421484947204590
0.0004478362388909
-0.1717056781053543
-0.1487079709768295
-0.2570316493511200
-0.4313453435897827
-0.4966240525245667
-0.4441481828689575
-0.3103241622447968
-0.1756835281848907
-0.0192833021283150
-0.0643547549843788
0.1007523909211159
0.1777624487876892
0.1768911778926849
0.1677209734916687
0.0811268538236618
0.0510350987315178
-0.0118275964632630
-0.0431391410529613
0.0699853897094727
-0.1231333389878273
0.0110107734799385
0.1234273910522461
0.1824020147323608
0.2284272611141205
0.1254531145095825
0.0678725391626358
-0.0053692492656410
0.0086692143231630
0.1094433814287186
-0.0083533758297563
0.1389797031879425
0.2134848386049271
0.1942078173160553
0.2237114608287811
0.1454162597656250
0.1212274134159088
-0.0024504687171429
0.0075583350844681
0.0810179486870766
0.1487162262201309
0.2215550541877747
0.1995770782232285
0.1772287935018539
0.1942296028137207
0.1996424198150635
0.1894157975912094
0.0997939854860306
0.0464282147586346
0.0392074994742870
0.1630487442016602
0.2325876057147980
0.1826307177543640
0.1869871020317078
0.1104780286550522
0.1882831305265427
0.2084314376115799
0.1537260711193085
0.0732526779174805
0.0702032074332237
0.1898841112852097
0.1985533237457275
0.1696704626083374
0.1815742999315262
0.0874000564217567
0.1886861026287079
0.2565477490425110
0.2942523062229156
0.2247134447097778
0.1341441124677658
0.1319659203290939
0.2249094694852829
0.2623962163925171
0.3117758631706238
0.2742128968238831
0.3349954187870026
0.4193460047245026
0.4848769903182983
0.3971937596797943
0.2665565609931946
0.1221422553062439
0.3487942814826965
0.4773186445236206
0.4701306223869324
0.4703048765659332
0.4516159594058990
0.5399308800697327
0.5115489959716797
0.4182786941528320
0.2925533056259155
0.0988464653491974
0.4025194644927979
0.5804017186164856
0.5206974148750305
0.4748355150222778
0.3607634603977203
0.3618416786193848
0.2880008816719055
0.2522893846035004
0.2569289207458496
0.0456549562513828
0.2584318816661835
0.3887532651424408
0.3207500278949738
0.2032800018787384
0.1185373440384865
0.1182323992252350
0.0845792964100838
0.0672408640384674
0.1080057770013809
0.0057833376340568
0.0940120965242386
0.1276167929172516
0.1626454144716263
0.1274196356534958
0.0552593544125557
0.0335170701146126
-0.0143378581851721
-0.0135382674634457
0.0069553400389850
0.0012815350200981
0.0214465446770191
0.0779217109084129
0.2080139517784119
0.2171380370855331
0.1528969854116440
0.1135637238621712
0.0090693254023790
0.0338237620890141
0.0282156784087420
0.0354558043181896
0.0638576894998550
0.1243088990449905
0.2108179926872253
0.2041803002357483
0.1490085721015930
0.1381210088729858
0.0524005442857742
0.0557412989437580
0.0428602285683155
0.1345064193010330
0.0943626016378403
0.0848113298416138
0.1434771567583084
0.1509582549333572
0.1616158038377762
0.1694364547729492
0.1471355557441711
0.1314285397529602
0.0469129458069801
0.1829637736082077
0.1621415764093399
0.0916571393609047
0.1162363290786743
0.0935958698391914
0.1344078332185745
0.1493481248617172
0.1498191207647324
0.0985686704516411
-0.0037241189274937
0.1851434856653214
0.1770928055047989
0.0829930901527405
0.1051077842712402
0.1044286787509918
0.1715066283941269
0.2171709090471268
0.2401837706565857
0.1619553565979004
-0.0229252390563488
0.1580121815204620
0.2143339961767197
0.1993498951196671
0.2644781768321991
0.2555512487888336
0.2941944599151611
0.3441524207592010
0.3363865315914154
0.2780492901802063
0.0280075650662184
0.1651756316423416
0.2659787833690643
0.3913172781467438
0.4669387936592102
0.3970896601676941
0.4357328712940216
0.4713420271873474
0.4064985513687134
0.3592022359371185
0.0541421175003052
0.1833142787218094
0.2208621650934219
0.4115808606147766
0.4604106545448303
0.4006494879722595
0.4003975689411163
0.3470331132411957
0.2502388954162598
0.3266490399837494
0.0641643777489662
0.1904339194297791
0.2160536646842957
0.3307893872261047
0.3615681529045105
0.2050018012523651
0.1699184030294418
0.1318009495735168
0.0962575227022171
0.2050346583127975
0.0418306179344654
-0.0451828278601170
-0.0984289273619652
-0.0708794146776199
-0.0577053315937519
-0.0954357385635376
-0.0731802955269814
-0.0278956610709429
-0.0258187577128410
-0.0523298159241676
-0.0364679768681526
0.0412733629345894
0.1336751878261566
0.1096075475215912
0.1188721656799316
0.1163676679134369
0.0905692726373672
0.0908339768648148
0.1016460880637169
0.0767843350768089
0.0154138803482056
0.0277938526123762
0.0698613226413727
0.0284250676631927
0.0327214077115059
0.0746667087078094
0.0506397895514965
-0.0033393346238881
-0.0092238942161202
0.0070248199626803
-0.0294431578367949
-0.0611464753746986
-0.0733228325843811
-0.0682527422904968
-0.1372792273759842
-0.0978180691599846
-0.0676826089620590
-0.0483592674136162
-0.0996709913015366
-0.1661929786205292
-0.0961687639355659
-0.0875557214021683
-0.1240440607070923
-0.1313539445400238
-0.2750471532344818
-0.3571255505084991
-0.2951849699020386
-0.2090749293565750
-0.1855774074792862
-0.1937221288681030
-0.0729359537363052
-0.1084876507520676
-0.2272376418113708
-0.2576785385608673
-0.3627250492572784
-0.4152177572250366
-0.3258498311042786
-0.2645608186721802
-0.3160558044910431
-0.2953682243824005
-0.1522655189037323
-0.1488243639469147
-0.2168938517570496
-0.2503075599670410
-0.3506097793579102
-0.4180684089660645
-0.3746570646762848
-0.3469650149345398
-0.3002754151821136
-0.2959383428096771
-0.1567858308553696
-0.1991790980100632
-0.3165648579597473
-0.4073377251625061
-0.3575124144554138
-0.2781828641891479
-0.1608785539865494
-0.0670513957738876
-0.0398073121905327
-0.1515528559684753
-0.0772119313478470
-0.2162015587091446
-0.2554998099803925
-0.3482681810855865
-0.2863683104515076
-0.0848476067185402
0.0789019614458084
0.1689418256282806
0.1382362395524979
0.0126650370657444
0.0440629273653030
-0.1285440176725388
-0.1219060719013214
-0.1744191497564316
-0.1404964029788971
0.0233957041054964
0.1568265557289124
0.2067333161830902
0.1655414104461670
0.0451624654233456
0.0927683413028717
-0.0153985591605306
-0.0627606138586998
-0.0935930758714676
-0.1491080075502396
-0.2171821296215057
-0.1892361640930176
-0.1131623238325119
-0.0604396387934685
-0.0427907928824425
-0.0684629157185555
-0.0723861902952194
-0.1062700897455215
-0.0982821583747864
-0.1173565760254860
-0.1155657768249512
-0.0864534229040146
-0.0671080276370049
-0.0627017095685005
-0.0564810186624527
-0.0782416462898254
-0.1791864484548569
-0.2239919006824493
-0.2083812654018402
-0.1636111587285995
-0.1685830056667328
-0.1769243776798248
-0.1921579986810684
-0.1827680617570877
-0.1548103094100952
-0.0880792886018753
-0.2180304080247879
-0.2255117297172546
-0.2299887388944626
-0.2289519459009171
-0.2784111499786377
-0.2689740657806396
-0.2692097127437592
-0.2171114385128021
-0.1805766820907593
-0.0688988342881203
-0.2274910360574722
-0.2670654356479645
-0.2513369917869568
-0.2555194795131683
-0.2471191883087158
-0.2439263761043549
-0.2565680444240570
-0.2805318236351013
-0.2472252249717712
-0.0999551489949226
-0.2280094176530838
-0.2589832544326782
-0.2412872910499573
-0.2539643049240112
-0.2981099784374237
-0.2563795447349548
-0.2400502264499664
-0.2266074120998383
-0.1785266846418381
-0.0787953808903694
-0.1873393207788467
-0.2056125849485397
-0.1846648901700974
-0.1924643218517303
-0.0974927917122841
0.0039350562728941
0.0122882155701518
-0.0538301579654217
-0.0822120457887650
-0.0623718239367008
-0.0063267224468291
0.0523338951170444
0.1400832980871201
0.1536203622817993
0.2937389910221100
0.3290013670921326
0.3172550797462463
0.2783993482589722
0.1931240856647491
0.0535591803491116
0.0672729685902596
0.1791982352733612
0.3227924406528473
0.3154996335506439
0.3717685937881470
0.3508090972900391
0.3364119827747345
0.3449183106422424
0.2457289546728134
0.0434741266071796
0.0565517097711563
0.1388580054044724
0.2303068339824677
0.2234263867139816
0.2242628782987595
0.1241310015320778
0.0974456667900085
0.0999787077307701
0.0706189498305321
-0.0454887822270393
-0.0005275613511913
-0.0141366906464100
0.0080599654465914
0.0754217356443405
0.0912485718727112
0.1294870078563690
0.1247975677251816
0.1145785078406334
0.0831104516983032
-0.0023154080845416
-0.0295141264796257
-0.0035463846288621
0.0233397055417299
0.1093322038650513
0.1105631813406944
0.1366383880376816
0.1465350538492203
0.1716137528419495
0.1155457049608231
0.0165302567183971
0.0351512171328068
0.0936128348112106
0.1219545975327492
0.1390905678272247
0.1314409375190735
0.1363648474216461
0.1480786502361298
0.1709201037883759
0.1545461714267731
0.0314582884311676
0.0198519378900528
0.0948535799980164
0.1310892254114151
0.1136113181710243
0.1036755740642548
0.0970517471432686
0.0876142606139183
0.1123705655336380
0.1296530812978745
0.0775710567831993
-0.0772095844149590
-0.0280682183802128
0.0307060256600380
0.0521406456828117
0.0956351533532143
0.1146566718816757
0.0926456376910210
0.1262825578451157
0.1658203452825546
0.1135917752981186
-0.0955081433057785
-0.0089001553133130
0.0089978519827127
0.0507631264626980
0.1264681816101074
0.1971516311168671
0.1860533058643341
0.2022416293621063
0.2150984853506088
0.2147370129823685
-0.0283319987356663
0.0650952085852623
0.1390905678272247
0.2022709250450134
0.2953073680400848
0.3944791257381439
0.3917729258537292
0.3504863679409027
0.3756334483623505
0.2793730497360229
0.0379746481776237
0.1935661733150482
0.2898949682712555
0.4139207303524017
0.5041728019714355
0.5123988389968872
0.3863214552402496
0.2508163452148438
0.2755531072616577
0.2012353539466858
0.0843414291739464
0.2319706827402115
0.3062884509563446
0.4414907097816467
0.4971288740634918
0.3758581578731537
0.2037852257490158
0.0628286525607109
0.1132302954792976
0.0186209622770548
0.0138338310644031
0.1040761321783066
0.1180858165025711
0.2424046695232391
0.2829780578613281
0.1493389457464218
-0.0086949924007058
-0.0825242772698402
-0.0607477128505707
-0.0891480967402458
0.0574115738272667
0.1727557480335236
0.1794023662805557
0.2730183005332947
0.3616210818290710
0.4245527386665344
0.3175027668476105
0.2138746529817581
0.1172593012452126
0.0676208883523941
0.1972299516201019
0.3274304270744324
0.2198594361543655
0.2582323849201202
0.3280500471591949
0.4125409424304962
0.3665638267993927
0.3398365080356598
0.3079411983489990
0.2012855112552643
0.2538107037544250
0.3527777194976807
0.2430521845817566
0.2374194562435150
0.2809604406356812
0.3658033907413483
0.3845744729042053
0.4121466577053070
0.4350718557834625
0.2882829904556274
0.1897525042295456
0.2673151493072510
0.2188596278429031
0.2468542754650116
0.2105654329061508
0.2436013817787170
0.2820729017257690
0.3680705726146698
0.5052556395530701
0.3172070384025574
0.1568151265382767
0.2087488770484924
0.1099649220705032
0.1427333056926727
0.1429163813591003
0.1784448027610779
0.2669349610805511
0.3225862979888916
0.4280168712139130
0.2506141066551208
0.1489293128252029
0.2155644744634628
0.1355234235525131
0.2054818868637085
0.2037779986858368
0.2074674367904663
0.2644847035408020
0.2647944986820221
0.3567769527435303
0.2008349001407623
0.1625605076551437
0.1954697221517563
0.0714088976383209
0.0824349671602249
0.0039851544424891
-0.0474838912487030
0.0076745911501348
0.0440901741385460
0.1873304247856140
0.0793792083859444
0.0319234803318977
-0.0020700274035335
-0.1904284358024597
-0.2168177515268326
-0.3835605680942535
-0.4286364614963531
-0.3639586865901947
-0.2506282031536102
-0.0023516637738794
-0.0461320355534554
-0.1598286330699921
-0.2831290364265442
-0.5324194431304932
-0.6234021186828613
-0.6905301213264465
-0.6476650834083557
-0.4793591797351837
-0.3099971413612366
-0.0534264184534550
-0.0618191808462143
-0.1970328092575073
-0.3449482321739197
-0.4893854260444641
-0.5056781172752380
-0.4313542544841766
-0.3347529768943787
-0.1911888420581818
-0.0901658833026886
0.0520323179662228
-0.0100685004144907
-0.0469160415232182
-0.0944246649742126
-0.1097908914089203
-0.1412180960178375
-0.1596085280179977
-0.1967776417732239
-0.2303299754858017
-0.2440819293260574
-0.3546697497367859
-0.2495581954717636
-0.1960624605417252
-0.2946760654449463
-0.2976185381412506
-0.3790881633758545
-0.4387957453727722
-0.4617429375648499
-0.4641745686531067
-0.4303565919399261
-0.5638711452484131
-0.3809067606925964
-0.1639813780784607
-0.2623497545719147
-0.2889137268066406
-0.4106788337230682
-0.4253911674022675
-0.4519959986209869
-0.4813389778137207
-0.4622537791728973
-0.4998724460601807
-0.2911001443862915
-0.1179235503077507
-0.1879706680774689
-0.2197861224412918
-0.2710341215133667
-0.2511520385742188
-0.2473513334989548
-0.2802293598651886
-0.3548127710819244
-0.3570400476455688
-0.1878480613231659
-0.0347374863922596
-0.0678607001900673
-0.1194560900330544
-0.1695802360773087
-0.1114460304379463
-0.0941181555390358
-0.0892957746982574
-0.1661677956581116
-0.2222790420055389
-0.1591998636722565
-0.1074614375829697
-0.2002514004707336
-0.2135333716869354
-0.2478008866310120
-0.1378873884677887
-0.1869898438453674
-0.2046855390071869
-0.2234233468770981
-0.2596729397773743
-0.1514758765697479
-0.1269348561763763
-0.2634327411651611
-0.3272680044174194
-0.3848504722118378
-0.2770825326442719
-0.2505798935890198
-0.2854808270931244
-0.2316377311944962
-0.2642909586429596
-0.1125903278589249
-0.1748317331075668
-0.3352167606353760
-0.4100657999515533
-0.3673795759677887
-0.3387109339237213
-0.3567335605621338
-0.4195266664028168
-0.3172554373741150
-0.3672161102294922
-0.0878245383501053
-0.1798380166292191
-0.2350093126296997
-0.2842548191547394
-0.2197452485561371
-0.3867304027080536
-0.5416800379753113
-0.6493253707885742
-0.4509947597980499
-0.4778039157390594
-0.1370087414979935
-0.2017839252948761
-0.2269175201654434
-0.1767729371786118
-0.1097091585397720
-0.3141699135303497
-0.5552480816841125
-0.7457525134086609
-0.5647497773170471
-0.5489748716354370
-0.1899731904268265
-0.0391156226396561
-0.0159945283085108
-0.0009804514702410
-0.0582563765347004
-0.0894698500633240
-0.0625001192092896
-0.0976939350366592
-0.0311842095106840
0.0225650165230036
0.0097606135532260
-0.0997719094157219
-0.1663109064102173
-0.1188980266451836
-0.1060497239232063
-0.1181078106164932
-0.0743972361087799
-0.1380241513252258
-0.0927916765213013
-0.0107849659398198
0.0433300994336605
-0.0938306674361229
-0.1704668402671814
-0.1613208502531052
-0.1774324327707291
-0.2143383920192719
-0.1763202846050262
-0.1742569506168365
-0.0758313313126564
-0.0052827307954431
0.0337597243487835
-0.1787201911211014
-0.2736483812332153
-0.2295280694961548
-0.1988999396562576
-0.2280647009611130
-0.2470883876085281
-0.2295866012573242
-0.1053034067153931
-0.0521248951554298
0.0162140317261219
-0.2458152621984482
-0.3381240367889404
-0.2740727663040161
-0.2315914034843445
-0.2321328520774841
-0.2049728780984879
-0.2330986708402634
-0.1174053996801376
-0.0190236847847700
0.0358230620622635
-0.2950719892978668
-0.3957658112049103
-0.2810822427272797
-0.2303768098354340
-0.2106214463710785
-0.1234929785132408
-0.2562783062458038
-0.1756178736686707
-0.0681486874818802
0.0510859079658985
-0.2381618916988373
-0.3639523386955261
-0.2739556729793549
-0.2394789159297943
-0.1737301349639893
-0.0574368946254253
-0.1409508734941483
-0.0784361138939857
0.0013316578697413
0.0149701759219170
-0.1286440044641495
-0.2079873979091644
-0.1232295706868172
-0.0579637028276920
0.1270196735858917
0.2648243308067322
0.1567551642656326
0.1353462040424347
0.1163517832756042
0.0120288217440248
-0.0243356823921204
-0.0538223944604397
0.0089411316439509
0.0938306674361229
0.3106274902820587
0.4342668056488037
0.4034630656242371
0.3547917008399963
0.2298939079046249
0.0127605022862554
-0.0349889472126961
-0.0526078045368195
-0.0263697523623705
0.0493006110191345
0.2815944254398346
0.4182869195938110
0.3640108704566956
0.2467518150806427
0.1675986647605896
0.0240430105477571
0.0572823248803616
0.1053329557180405
0.0467851869761944
0.0538114011287689
0.0318409241735935
0.0695631355047226
0.0975354239344597
0.1052003800868988
0.0780114680528641
0.1035010740160942
0.0301777701824903
0.0533293262124062
0.0096655637025833
0.0268635191023350
0.0288279652595520
0.0784814879298210
0.0888581052422523
0.0785296931862831
0.0485447533428669
0.0884242430329323
0.0440494194626808
0.0463151633739471
-0.0240433905273676
-0.0351190194487572
-0.0367701202630997
0.0129557121545076
0.0282374266535044
0.0248508639633656
0.0617415010929108
0.1203374788165092
-0.0168484523892403
-0.0835673585534096
-0.1537330895662308
-0.1571317017078400
-0.1763905137777328
-0.1017535626888275
-0.0599216744303703
-0.0653088390827179
-0.0165592078119516
0.0396143496036530
0.0318770781159401
-0.0444109775125980
-0.1777403205633163
-0.2042543292045593
-0.3116360902786255
-0.2215245962142944
-0.0887737423181534
-0.1163724213838577
-0.0994275584816933
-0.0062307934276760
0.1052726954221725
-0.0279722865670919
-0.1492859572172165
-0.2222356647253036
-0.3915638029575348
-0.2284303009510040
-0.0827116742730141
-0.0782163441181183
-0.1351973712444305
-0.0465682521462440
0.0787225216627121
0.0302380304783583
-0.0800964310765266
-0.1521663516759872
-0.2956312596797943
-0.2175595462322235
-0.1003675982356071
-0.0978126153349876
-0.1100813746452332
-0.0209219679236412
-0.0190418846905231
-0.0163543261587620
-0.0376378484070301
-0.0982946902513504
-0.1196384727954865
-0.0158843062818050
0.0858933553099632
0.0639831423759460
0.0124615868553519
0.0112202493473887
-0.0785778984427452
-0.0293582454323769
-0.0110274199396372
-0.0809280052781105
0.0464597865939140
0.1062850505113602
0.1923591792583466
0.1146851703524590
0.0732871517539024
0.0137993395328522
-0.0343597531318665
-0.0096053043380380
0.0257909055799246
-0.0398794896900654
0.0329737924039364
0.1123591661453247
0.2073034495115280
0.1601928621530533
0.1101898401975632
0.0210063308477402
-0.0352081209421158
-0.0214771032333374
-0.0429616682231426
-0.0121265789493918
-0.0512972921133041
-0.0428571961820126
-0.0479093156754971
-0.1472278535366058
-0.1021020635962486
-0.0139772808179259
-0.0643044486641884
-0.0101415514945984
-0.0078132478520274
0.0720057561993599
0.0327454954385757
0.0400736778974533
-0.0086863618344069
-0.1030647233128548
-0.0409915670752525
-0.0149996448308229
-0.0681700259447098
-0.0885501429438591
-0.0878188163042068
0.0099251382052898
-0.0025596409104764
0.0061640334315598
-0.0573717765510082
-0.1236239373683929
-0.0847815722227097
-0.0588418915867805
-0.0717669576406479
-0.1482054442167282
-0.1805554330348969
-0.1070198565721512
-0.1543769389390945
-0.1343326419591904
-0.1879507750272751
-0.1855105310678482
-0.1282656192779541
-0.1322879195213318
-0.0353573709726334
-0.1276984661817551
-0.2188082486391068
-0.1840926557779312
-0.2105845659971237
-0.2234723269939423
-0.1833240240812302
-0.2132785320281982
-0.1705183535814285
-0.1620036363601685
-0.0075819101184607
-0.0586553290486336
-0.1415190398693085
-0.1353624612092972
-0.2062563151121140
-0.2694189846515656
-0.2091666907072067
-0.1652796715497971
-0.1898910254240036
-0.1853239685297012
0.0028133662417531
-0.0077236979268491
-0.0983111038804054
-0.1284372657537460
-0.1782569736242294
-0.1785629391670227
-0.0943932905793190
-0.1249448060989380
-0.1812867522239685
-0.1514665633440018
0.0193950626999140
0.0520510077476501
0.0524912960827351
0.0189025383442640
-0.0317305922508240
0.0452675856649876
0.1473024785518646
0.0488122776150703
0.0368349477648735
-0.0227308049798012
0.0170443728566170
0.0659536644816399
0.1430563181638718
0.1371833235025406
0.2061667591333389
0.3468425273895264
0.3952592909336090
0.1656304150819778
0.1552276760339737
0.0689312070608139
0.0644910112023354
0.0937365889549255
0.1855926215648651
0.1945252418518066
0.2277856618165970
0.3185969293117523
0.3349025249481201
0.1645856648683548
0.1371012330055237
0.0350887216627598
-0.0900007411837578
-0.0848268568515778
-0.1075361669063568
-0.0263186339288950
0.1270389109849930
0.1010610759258270
0.0400433577597141
-0.0317868366837502
-0.0629075765609741
-0.0213616210967302
-0.0564014986157417
-0.0817906931042671
-0.1708465069532394
-0.0783207789063454
0.0930059328675270
0.0958717018365860
0.0655874609947205
0.0452017486095428
0.0198280457407236
0.0592672675848007
-0.0284098722040653
-0.0098985321819782
-0.0540159344673157
-0.0257454793900251
0.0716597959399223
0.0885756015777588
0.0792502239346504
0.0566183663904667
0.0255750808864832
0.0600727833807468
0.0254976283758879
0.1040352806448936
0.0835876092314720
0.0408488735556602
0.0832623019814491
0.0789249166846275
0.0812020450830460
0.0677406638860703
0.0887459963560104
0.1299976259469986
0.0053907502442598
0.0527302101254463
0.0296646151691675
-0.0583533197641373
-0.0130431363359094
0.0015490661608055
0.0059639043174684
0.0276043582707644
0.0715823471546173
0.1208426505327225
-0.0065525495447218
0.0402602292597294
0.0175354275852442
-0.0634962171316147
0.0201223678886890
0.0424908846616745
0.0340020023286343
-0.0353187061846256
0.0296336337924004
0.1052590385079384
-0.0236542392522097
-0.0695375800132751
-0.1371233314275742
-0.2208503484725952
-0.1552319079637527
-0.1353109180927277
-0.1369529366493225
-0.1782045662403107
-0.1355277895927429
0.0456664673984051
-0.1507086455821991
-0.2484082430601120
-0.4164974093437195
-0.4402445852756500
-0.4516147375106812
-0.4609710872173309
-0.4740916788578033
-0.5008595585823059
-0.4764927327632904
-0.1807295382022858
-0.2622104287147522
-0.3881959617137909
-0.5229647159576416
-0.5312677025794983
-0.6426455378532410
-0.6868404150009155
-0.7260937690734863
-0.6304699182510376
-0.5484158992767334
-0.2070171982049942
-0.2109518200159073
-0.3588101863861084
-0.5128648281097412
-0.5055531859397888
-0.5659357905387878
-0.5677482485771179
-0.5427308082580566
-0.3906434774398804
-0.3139956891536713
-0.1104329228401184
0.1260494142770767
0.0255549047142267
-0.0527179539203644
0.1128626242280006
0.2343507558107376
0.2898756563663483
0.2717767059803009
0.3750781714916229
0.1722763180732727
-0.0459052622318268
0.0740916803479195
0.0153797250241041
-0.0172217842191458
0.0600861907005310
0.1789720505475998
0.2354033589363098
0.2398769259452820
0.3281495273113251
0.1031845062971115
-0.0918690040707588
0.0338003076612949
0.0308179277926683
0.0255256649106741
0.0576593503355980
0.1152017414569855
0.1567796319723129
0.1876560449600220
0.2717767059803009
0.1249091029167175
-0.0470748245716095
0.0034502046182752
0.1790012866258621
0.1585339754819870
0.0945297554135323
0.1452886909246445
0.2028603255748749
0.2317192405462265
0.2195850461721420
0.1903460323810577
0.1592649519443512
0.0416656062006950
0.2339121699333191
0.2241755723953247
0.1731534898281097
0.2233861237764359
0.2641745507717133
0.2623617351055145
0.2564554512500763
0.2228890657424927
0.1540896445512772
0.0505542680621147
0.2463972270488739
0.1901706010103226
0.0995296314358711
0.1982697993516922
0.2213101536035538
0.2785893976688385
0.1430372893810272
0.1768668442964554
0.1459319591522217
0.0752904787659645
0.1859894096851349
0.1116930618882179
0.0867521762847900
0.1609900444746017
0.1839134395122528
0.2793788611888885
0.1056990623474121
0.1568673551082611
0.0635363906621933
-0.0037718338426203
0.0233912169933319
-0.0757875442504883
0.0646767169237137
0.1652004718780518
0.0222508944571018
0.0130406031385064
-0.1421893537044525
-0.0312565155327320
-0.0759922191500664
-0.0794424191117287
-0.1050850450992584
-0.1847029030323029
0.0218415483832359
0.0444140732288361
-0.1336515694856644
-0.2323625087738037
-0.3379445970058441
-0.1404057741165161
-0.1720423996448517
-0.0608171634376049
-0.0291513036936522
-0.0566652230918407
0.1428033858537674
0.1355228573083878
-0.0999389737844467
-0.2417189925909042
-0.2723614871501923
-0.1180671676993370
-0.1252892017364502
