-0.3390902280807495
-0.4719865620136261
-0.5069158673286438
-0.5362178683280945
-0.4982759058475494
-0.4376540482044220
-0.4057657718658447
-0.4089204967021942
-0.3230324089527130
-0.2282769829034805
-0.3623669743537903
-0.4019857645034790
-0.3830574154853821
-0.4144057333469391
-0.4181004464626312
-0.3752132356166840
-0.3135114014148712
-0.2947535812854767
-0.1155311241745949
-0.0941301509737968
-0.3274092376232147
-0.2929061949253082
-0.2166528254747391
-0.2942704260349274
-0.3098735213279724
-0.2802588939666748
-0.1718614250421524
-0.1101879850029945
0.0538008399307728
0.0293588303029537
-0.2896378040313721
-0.2431127279996872
-0.1630509346723557
-0.1945981830358505
-0.1417920738458633
-0.1009511798620224
0.0066789207048714
0.0196104478091002
0.0471219196915627
-0.0106578525155783
-0.1902213543653488
-0.1233753040432930
-0.1102164089679718
-0.1364205181598663
-0.0474629700183868
-0.0245556924492121
0.1131153404712677
0.0898670107126236
0.0424608848989010
-0.0389366894960403
-0.0943575203418732
0.0355830155313015
0.0144094163551927
-0.0125904763117433
0.0365209095180035
0.0253230575472116
0.0767649561166763
0.0300409328192472
-0.0076736537739635
-0.0489977002143860
0.0290746223181486
0.1938023865222931
0.1428152173757553
0.0445924550294876
0.0092083849012852
0.0116525851190090
0.0621565952897072
0.0223388597369194
-0.0447629801928997
-0.0661923661828041
-0.0416650995612144
0.1182595342397690
0.1284058094024658
0.1260468661785126
0.0999848693609238
0.1727993190288544
0.2342738062143326
0.1883455663919449
0.0651123747229576
0.0179620347917080
-0.0372030101716518
0.1312763243913651
0.2060518115758896
0.2179317623376846
0.0834438800811768
0.0862859711050987
0.1158153340220451
0.1087100952863693
0.0435124598443508
0.0232767499983311
-0.0197809748351574
0.0892701745033264
0.1317310631275177
0.1745614111423492
0.0132441576570272
0.0033536709379405
-0.0015063098398969
0.0205767601728439
0.0254935827106237
0.0431429855525494
0.1080279946327209
0.1166395395994186
0.1180321648716927
0.1337205171585083
0.1656088232994080
0.2281633019447327
0.1135984957218170
0.0539997853338718
-0.0192125551402569
0.0335082896053791
0.0470650754868984
0.0230493824928999
-0.0092368051409721
-0.0110273249447346
-0.0126188974827528
0.0367198549211025
-0.1402857601642609
-0.1503183543682098
-0.1987476348876953
-0.0417219400405884
0.0738091841340065
0.0486850701272488
-0.0277104172855616
-0.0699155107140541
-0.1013206541538239
-0.0929648950695992
-0.3145913779735565
-0.3354239463806152
-0.3535849153995514
-0.1382962912321091
0.0007105235126801
-0.0556197799742222
-0.0977111905813217
-0.1310205310583115
-0.1949960738420486
-0.2645989656448364
-0.4574350416660309
-0.4934727847576141
-0.5097011327743530
-0.1958487033843994
-0.0694323554635048
-0.1617151498794556
-0.1816098093986511
-0.2051707655191422
-0.2330517023801804
-0.2896662056446075
-0.3939142227172852
-0.4692012965679169
-0.5278905630111694
-0.2393611520528793
-0.1144227012991905
-0.2369453758001328
-0.2509000599384308
-0.2530316412448883
-0.2696863114833832
-0.3141366541385651
-0.3618554174900055
-0.4478287398815155
-0.5118327140808105
-0.2563568651676178
-0.1802456080913544
-0.3479575812816620
-0.3663459122180939
-0.3764637708663940
-0.4558150470256805
-0.5489220619201660
-0.6415174603462219
-0.6677500009536743
-0.6297796368598938
-0.2856020331382751
-0.2738926112651825
-0.4902896285057068
-0.4708781242370605
-0.4966275095939636
-0.5911839604377747
-0.7591801285743713
-0.9341110587120056
-0.9523572921752930
-0.8287830352783203
-0.3945679068565369
-0.2489958554506302
-0.4378814101219177
-0.4241257011890411
-0.4492498040199280
-0.5842776894569397
-0.7691274881362915
-0.9610256552696228
-0.9881960749626160
-0.8419703245162964
-0.3844216465950012
-0.1948255449533463
-0.3232597708702087
-0.2866536080837250
-0.3180018961429596
-0.3912426531314850
-0.4710770845413208
-0.5561125278472900
-0.5658893585205078
-0.5147885084152222
-0.2367464303970337
-0.2026128768920898
-0.1768635064363480
-0.1200784742832184
-0.1361931413412094
-0.0924533158540726
-0.0664481595158577
-0.1159858554601669
-0.1256489753723145
-0.2563284635543823
-0.1170090064406395
-0.2409811466932297
-0.2126738876104355
-0.1166679561138153
-0.1714919507503510
-0.1091364100575447
-0.0466956049203873
-0.1081700995564461
-0.1483004689216614
-0.3881731927394867
-0.2351548522710800
-0.2137254625558853
-0.2115938961505890
-0.0991606563329697
-0.1533593982458115
-0.1239437162876129
-0.1470215171575546
-0.2624958157539368
-0.2864830791950226
-0.4757097065448761
-0.2710220813751221
-0.1449183672666550
-0.1978665888309479
-0.1311626434326172
-0.1733961552381516
-0.1865266263484955
-0.2395032644271851
-0.3822332322597504
-0.4023268222808838
-0.4832128286361694
-0.2949525117874146
-0.1163837462663651
-0.2340748608112335
-0.2195801883935928
-0.2367464303970337
-0.2150328308343887
-0.2619842290878296
-0.4069026112556458
-0.4528308510780334
-0.5011464357376099
-0.3153871595859528
-0.1096479892730713
-0.2505874335765839
-0.2888988554477692
-0.3156429529190063
-0.2805146872997284
-0.2933609485626221
-0.3938858211040497
-0.4871065020561218
-0.5491778254508972
-0.3858142495155334
-0.1881750375032425
-0.3363333940505981
-0.4291561841964722
-0.4633750021457672
-0.3998257815837860
-0.3863826692104340
-0.5077400803565979
-0.6022397279739380
-0.6932719945907593
-0.5168916583061218
-0.3026830255985260
-0.4382508993148804
-0.5011464357376099
-0.5322389602661133
-0.4792338907718658
-0.5747566819190979
-0.7914947867393494
-0.9023079872131348
-0.9557109475135803
-0.6533973813056946
-0.3321555256843567
-0.4628918468952179
-0.5099569559097290
-0.5526735782623291
-0.5046990513801575
-0.5874892473220825
-0.8111620545387268
-0.8984427452087402
-0.9636403918266296
-0.6569216251373291
-0.1883455663919449
-0.2730967998504639
-0.3333207964897156
-0.3711490631103516
-0.3461386263370514
-0.3869226872920990
-0.4930180609226227
-0.5499451756477356
-0.5798156261444092
-0.3949942290782928
-0.2050570845603943
-0.2545947730541229
-0.2040055096149445
-0.2660768330097198
-0.2455000728368759
-0.2713915705680847
-0.2491948008537292
-0.2699420750141144
-0.2630926370620728
-0.1403426080942154
-0.1391773372888565
-0.2088086456060410
-0.1241426691412926
-0.2548221349716187
-0.2156580984592438
-0.2291011959314346
-0.1406552344560623
-0.1473625749349594
-0.1058680042624474
-0.0427450947463512
-0.1490962505340576
-0.1892834603786469
-0.0969438254833221
-0.1972129046916962
-0.1499204635620117
-0.1195384711027145
0.0642881691455841
0.0994448661804199
0.1452594250440598
0.0822786241769791
-0.1098185107111931
-0.1294858008623123
-0.0512145347893238
-0.0936185792088509
-0.0266019999980927
0.0226799100637436
0.2198643982410431
0.2590852975845337
0.2878188490867615
0.1607204228639603
-0.0216283351182938
-0.0254651624709368
0.0160009898245335
0.0113115338608623
0.0668176263570786
0.1376710385084152
0.2807136178016663
0.3519080877304077
0.3444902002811432
0.2021013051271439
0.0174788776785135
0.0294440947473049
0.0841259807348251
0.0761112794280052
0.0931354239583015
0.0730702355504036
0.0893838554620743
0.1455152183771133
0.1658930331468582
0.1444067955017090
0.0795786306262016
0.1020027548074722
0.1652677655220032
0.1201068907976151
0.1535867601633072
0.1815245449542999
0.1954792290925980
0.2109970599412918
0.1885160952806473
0.1369320899248123
0.1278658062219620
0.1739929914474487
0.1973265856504440
0.1791087687015533
0.2188980728387833
0.3255334496498108
0.4036057591438293
0.4645686745643616
0.3831711113452911
0.2399864196777344
0.0949543640017509
0.1489825695753098
0.1979518532752991
0.2432832419872284
0.3347702622413635
0.4929327964782715
0.5854997634887695
0.6190649271011353
0.4528024196624756
0.2677536904811859
0.0804312601685524
0.1252510845661163
0.1895108222961426
0.2356948554515839
0.3465649485588074
0.3985184133052826
0.4137520492076874
0.3926637172698975
0.2720452249050140
0.1473909914493561
-0.0921122655272484
-0.1023438051342964
-0.0520955845713615
-0.0383114255964756
-0.0514134801924229
-0.0785270556807518
-0.1442362666130066
-0.1549793928861618
-0.0989617109298706
-0.1056406348943710
-0.1033953800797462
-0.1401436477899551
-0.0853480845689774
-0.0757986456155777
-0.0702565610408783
-0.0800333693623543
-0.1612604111433029
-0.2401569485664368
-0.2044318169355392
-0.1932623982429504
-0.0800333693623543
-0.1484994143247604
-0.1027985364198685
-0.0843249261379242
-0.0657944753766060
-0.0404145754873753
-0.1352552473545074
-0.2245822697877884
-0.2197791337966919
-0.1832013726234436
-0.0530050545930862
-0.1220395192503929
-0.0831312462687492
-0.0718481391668320
-0.0575239807367325
-0.0337924994528294
-0.1074027344584465
-0.1816382259130478
-0.1836845278739929
-0.1505172997713089
-0.0543692596256733
-0.1034238040447235
-0.0766512751579285
-0.0481166504323483
-0.0315188206732273
0.0038368268869817
-0.0426314100623131
-0.0970859304070473
-0.1174921691417694
-0.0964038297533989
-0.0781291648745537
-0.1303668469190598
-0.0954090952873230
-0.0505324304103851
0.0031263034325093
0.0317746102809906
-0.0122494250535965
-0.0380556397140026
-0.0858880802989006
-0.0929080545902252
-0.0937322601675987
-0.1544678062200546
-0.1263310760259628
-0.1145079657435417
-0.0550229400396347
-0.0135852089151740
-0.0420345701277256
-0.0733260288834572
-0.1238300353288651
-0.1156163811683655
-0.1433268040418625
-0.1589583158493042
-0.0829038843512535
-0.1112111359834671
-0.1030259057879448
-0.0762818008661270
-0.0882185995578766
-0.0868543907999992
-0.1161279603838921
-0.1064079999923706
-0.1690761744976044
-0.1592993736267090
-0.0380272194743156
-0.0696881413459778
-0.1517962366342545
-0.1954792290925980
-0.2300675064325333
-0.2119633704423904
-0.1964739561080933
-0.1535867601633072
-0.1471636295318604
-0.1419057548046112
-0.0632081702351570
-0.0644302740693092
-0.1377563029527664
-0.1344594657421112
-0.1181458458304405
-0.1133427098393440
-0.1195384711027145
-0.1015764400362968
-0.1255637109279633
-0.1758687794208527
-0.1690193265676498
-0.1882603019475937
-0.1710940599441528
-0.1456573158502579
-0.1617151498794556
-0.1949108093976974
-0.1558888554573059
-0.1584467440843582
-0.1196521595120430
-0.1463962644338608
-0.1374720931053162
-0.1468225717544556
-0.1429573297500610
-0.1138258650898933
-0.1134563907980919
-0.1627667248249054
-0.1221816241741180
-0.1574804335832596
-0.1328963190317154
-0.1550078094005585
-0.1243984550237656
-0.1329815834760666
-0.1349426209926605
-0.1286331713199615
-0.1455436348915100
-0.1886297762393951
-0.1430710107088089
-0.1291163265705109
-0.1187711060047150
-0.1184584796428680
-0.0923680514097214
-0.1029974892735481
-0.1128027141094208
-0.1525351852178574
-0.2011065781116486
-0.2499337494373322
-0.1924950331449509
-0.1101311445236206
-0.1057258993387222
-0.1019459143280983
-0.0969154089689255
-0.1139963939785957
-0.1070332601666451
-0.1531888693571091
-0.2026413083076477
-0.2630926370620728
-0.2135833650827408
-0.0975690856575966
-0.1011501252651215
-0.0729565545916557
-0.0843249261379242
-0.0999848693609238
-0.0838133543729782
-0.1368468254804611
-0.2027265578508377
-0.2601084411144257
-0.2200349122285843
-0.1072606295347214
-0.1415078639984131
-0.1166963800787926
-0.1464246809482574
-0.1851908415555954
-0.1713782697916031
-0.2060518115758896
-0.2608473896980286
-0.2990451455116272
-0.2377980053424835
-0.1115806102752686
-0.2125886380672455
-0.1660919785499573
-0.1715487986803055
-0.2000265717506409
-0.2576358318328857
-0.3164387345314026
-0.3832563757896423
-0.3707511723041534
-0.2763936519622803
-0.1126606091856956
-0.2259180545806885
-0.2006518393754959
-0.1764940321445465
-0.1866403073072433
-0.3103850781917572
-0.4186404347419739
-0.5131116509437561
-0.5038464069366455
-0.3731385171413422
-0.1592993736267090
-0.1663477569818497
-0.1847076863050461
-0.1826898008584976
-0.2005381584167480
-0.3052977323532104
-0.3314734101295471
-0.3374702334403992
-0.3207302987575531
-0.2605915963649750
-0.1205616295337677
0.1856171637773514
0.1772045642137527
0.0801186263561249
0.1067490503191948
0.0183599274605513
0.1038785353302956
0.1771477162837982
0.1272973865270615
-0.0260051600635052
-0.1689340621232986
0.2505874335765839
0.2007371038198471
0.0885596498847008
0.1529330760240555
0.0587745048105717
0.1451741605997086
0.1978381574153900
0.1445489078760147
-0.0548808351159096
-0.2209443897008896
0.2307780385017395
0.1671151220798492
0.0862859711050987
0.1463394165039062
0.1376994550228119
0.1981792151927948
0.2147486209869385
0.1569120138883591
0.0490261204540730
-0.1184016391634941
0.2249233126640320
0.1482720375061035
0.1390352398157120
0.1806434988975525
0.2223938554525375
0.2052844464778900
0.2489390075206757
0.2397022098302841
0.2128728479146957
0.0246977973729372
0.2199212312698364
0.1762382537126541
0.1680245995521545
0.1776024550199509
0.2715620696544647
0.2318011820316315
0.3013756573200226
0.3113513886928558
0.3104419410228729
0.1017753854393959
0.2643715739250183
0.2630642354488373
0.2427716702222824
0.2128444164991379
0.3253060877323151
0.2610179185867310
0.3459112644195557
0.4316288232803345
0.3902763426303864
0.1685077548027039
0.3258745074272156
0.3968984186649323
0.3014893233776093
0.2321422398090363
0.2869378030300140
0.2308064550161362
0.3542101681232452
0.4968264400959015
0.4157983660697937
0.1677403897047043
0.3665448725223541
0.4424571990966797
0.2928209304809570
0.2267706841230392
0.2734947204589844
0.3112661242485046
0.5256452560424805
0.7041003704071045
0.5632746219635010
0.2545379400253296
0.3934026658535004
0.4775286316871643
0.3026261627674103
0.2414643019437790
0.2107412666082382
0.2972261905670166
0.5127421617507935
0.7171739935874939
0.5924628973007202
0.2161980867385864
0.2371159046888351
0.3004377484321594
0.1941718608140945
0.1444636434316635
0.1336352527141571
0.2371443212032318
0.3739911615848541
0.4964854121208191
0.4107394218444824
0.1590151637792587
-0.3328660428524017
-0.3814374208450317
-0.4059647023677826
-0.4316003918647766
-0.4360340535640717
-0.4382508993148804
-0.4538824260234833
-0.3730532526969910
-0.3372428715229034
-0.1870382130146027
-0.3720016777515411
-0.3375839293003082
-0.3600932955741882
-0.3509986102581024
-0.3544375300407410
-0.3862405717372894
-0.4395582675933838
-0.3834269046783447
-0.2892683148384094
-0.2169654518365860
-0.3308197557926178
-0.2535147964954376
-0.2448179721832275
-0.2410095781087875
-0.2966293394565582
-0.3041608929634094
-0.3160692751407623
-0.2726989090442657
-0.1888003051280975
-0.1535867601633072
-0.2721589207649231
-0.2126738876104355
-0.1722593158483505
-0.1216132044792175
-0.1619993597269058
-0.1538425534963608
-0.1213005706667900
-0.1409110277891159
-0.0805733650922775
-0.0924533158540726
-0.1889708340167999
-0.1608056724071503
-0.0948975160717964
-0.0568987205624580
-0.1068343147635460
-0.0982796102762222
-0.0563303045928478
-0.0347303897142410
-0.0209746528416872
-0.0415514148771763
-0.1624256670475006
-0.1399447023868561
-0.0358103848993778
0.0093220686540008
-0.0422903597354889
-0.0008810491417535
0.0246693752706051
0.0385672152042389
0.0476334951817989
-0.0071904975920916
-0.1192258447408676
-0.0846944004297256
0.0220262277871370
0.1150763854384422
0.0982796102762222
0.1013774946331978
0.0701713040471077
0.0635492205619812
0.0732976049184799
0.0321156606078148
-0.1392057687044144
-0.1006101295351982
0.0259483177214861
0.1599814742803574
0.2244401574134827
0.2092633843421936
0.1895108222961426
0.1848782151937485
0.1823203265666962
0.0927375257015228
-0.1834855824708939
-0.1366762965917587
0.0451040305197239
0.1533309668302536
0.2138107270002365
0.1378699839115143
0.1036795899271965
0.0598544999957085
0.0499071702361107
-0.0039505106396973
-0.0971996113657951
-0.0489124394953251
0.0228220149874687
0.0693186745047569
0.0830175653100014
0.0798912644386292
0.1188847944140434
0.1179753243923187
0.1159005910158157
0.0320303998887539
-0.2183296680450439
-0.1317310631275177
-0.1065216809511185
-0.1080848351120949
-0.0666755288839340
-0.0758270695805550
-0.1407973319292068
-0.1379268169403076
-0.0791523158550262
-0.0128462649881840
-0.2742336392402649
-0.1024006456136703
-0.0427450947463512
-0.0520387403666973
0.0032399871852249
0.0028989359270781
-0.0501629598438740
-0.0943290963768959
-0.0424324646592140
0.0007957863272168
-0.2631494700908661
-0.0705407708883286
0.0046610343270004
-0.0276819951832294
0.0312630347907543
0.0185872949659824
0.0048884018324316
-0.0220262277871370
-0.0035810384433717
0.0029841987416148
-0.2173065096139908
-0.0260051600635052
0.0500208549201488
-0.0043484037742019
0.0268862098455429
0.0323146097362041
0.0512145347893238
0.0285914652049541
0.0334230251610279
0.0082989148795605
-0.1851908415555954
-0.0103736426681280
0.0251809526234865
-0.0236746426671743
0.0010515748290345
-0.0065083950757980
0.0471787601709366
0.0202072877436876
0.0310356672853231
0.0091231213882565
-0.1399447023868561
0.0497650653123856
0.0682386755943298
0.0384819544851780
0.0649418458342552
0.0663344711065292
0.1126321852207184
0.1022301241755486
0.0880764946341515
0.0351567044854164
-0.1280363351106644
0.0494240149855614
0.0331672355532646
0.0232767499983311
0.0580355599522591
0.0912027955055237
0.1291447579860687
0.1281500160694122
0.1033385396003723
0.0358388051390648
-0.1286047548055649
0.0596839748322964
0.0488840155303478
0.0706828758120537
0.1102732494473457
0.1341184228658676
0.2036928832530975
0.1903634518384933
0.1546667516231537
0.0599397607147694
-0.1383815556764603
0.0307230353355408
0.0529482103884220
0.1049016863107681
0.0991038158535957
0.0443935096263885
0.0416082553565502
0.0278525203466415
0.0244135875254869
-0.0050873481668532
-0.1012922301888466
-0.0031547243706882
-0.0148073099553585
0.0256072673946619
-0.0038368268869817
-0.0219978075474501
-0.0018757820362225
0.0104589061811566
0.0143525749444962
-0.0028705149888992
-0.0747186541557312
-0.0991606563329697
-0.1080279946327209
-0.1171226948499680
-0.1247110813856125
-0.1247395053505898
-0.1291163265705109
-0.1531036049127579
-0.1724014282226562
-0.1408825963735580
-0.0969722494482994
-0.1200216263532639
-0.1711224764585495
-0.2029539346694946
-0.2514969110488892
-0.2161696702241898
-0.2728410363197327
-0.2843799293041229
-0.3278639614582062
-0.2414074689149857
-0.1342036724090576
-0.1847361028194427
-0.2406401038169861
-0.2660199999809265
-0.2970272302627563
-0.2625242173671722
-0.3877184689044952
-0.4200899004936218
-0.4245235919952393
-0.2754557430744171
-0.1470215171575546
-0.1796771883964539
-0.2014760375022888
-0.2571526765823364
-0.3006367087364197
-0.3115787506103516
-0.4464929699897766
-0.4686044454574585
-0.4301793575286865
-0.2582895159721375
-0.1965876370668411
-0.1999697387218475
-0.1696730107069016
-0.1685645878314972
-0.1637614518404007
-0.1796771883964539
-0.2697147130966187
-0.2905188500881195
-0.2960040867328644
-0.1833719015121460
-0.2046591937541962
-0.1806719154119492
-0.1869529485702515
-0.1421047002077103
-0.1363636702299118
-0.1739929914474487
-0.2477169185876846
-0.3560006916522980
-0.3403123319149017
-0.2116507440805435
-0.2700842022895813
-0.2589716017246246
-0.2668726146221161
-0.2516674101352692
-0.2713915705680847
-0.2890693843364716
-0.3272387087345123
-0.4198341369628906
-0.4068457484245300
-0.2647126317024231
-0.2611031830310822
-0.2440221905708313
-0.2376558929681778
-0.2800883650779724
-0.3971826434135437
-0.4805412590503693
-0.4848896563053131
-0.5217800140380859
-0.4907443821430206
-0.2723294496536255
-0.2015328854322433
-0.1582477986812592
-0.1937739700078964
-0.2545947730541229
-0.4358351230621338
-0.5547199249267578
-0.6281596422195435
-0.6380785107612610
-0.5611430406570435
-0.2750578522682190
-0.1701277494430542
-0.1893118768930435
-0.2332790791988373
-0.2817367911338806
-0.3554038405418396
-0.3289439678192139
-0.3160124421119690
-0.2956346273422241
-0.2483137547969818
-0.1237731948494911
-0.1913297623395920
-0.2206317633390427
-0.2099454849958420
-0.2080128639936447
-0.2467221766710281
-0.2381390631198883
-0.2502463757991791
-0.2534579336643219
-0.1994865834712982
-0.2104570567607880
-0.1503751873970032
-0.1242279261350632
-0.0750028640031815
-0.0595418699085712
-0.0485713854432106
-0.0099473288282752
-0.0366345904767513
-0.0744060203433037
-0.0453882403671741
-0.1736235171556473
-0.1348857879638672
-0.1022301241755486
-0.0481166504323483
-0.0331388153135777
-0.0291314627975225
-0.0194683447480202
-0.0849786102771759
-0.1677688062191010
-0.1299689561128616
-0.1753287762403488
-0.0882470160722733
-0.0655102655291557
-0.0284209400415421
-0.0462692901492119
-0.0457577146589756
-0.0568703003227711
-0.1635056734085083
-0.2443348169326782
-0.2214559614658356
-0.1950244903564453
-0.0877070203423500
-0.0674144700169563
-0.0946417301893234
-0.1484994143247604
-0.1661488115787506
-0.1673993319272995
-0.2563852965831757
-0.3204176723957062
-0.3222934603691101
-0.2264296263456345
-0.0819091498851776
-0.0239872727543116
-0.0543408356606960
-0.1245121359825134
-0.1573099046945572
-0.1722877323627472
-0.2067339122295380
-0.2426011413335800
-0.2814241349697113
-0.2274812012910843
-0.1796771883964539
-0.1260184496641159
-0.1149342805147171
-0.1612319946289062
-0.2139528393745422
-0.2601084411144257
-0.3021998405456543
-0.3205029368400574
-0.3110671937465668
-0.2316022366285324
-0.2638884186744690
-0.2125602066516876
-0.1988897323608398
-0.2054833918809891
-0.2908314764499664
-0.3669711649417877
-0.4718444347381592
-0.5030221939086914
-0.4167646765708923
-0.2636326253414154
-0.3028251230716705
-0.2294422537088394
-0.1974118500947952
-0.2061086595058441
-0.3385786712169647
-0.4885275363922119
-0.6243512034416199
-0.6663289666175842
-0.5280042290687561
-0.3198776841163635
-0.2399864196777344
-0.1929213404655457
-0.1964171230792999
-0.2227633297443390
-0.3399144411087036
-0.3733374774456024
-0.3812669217586517
-0.3927489817142487
-0.3554322719573975
-0.2474327087402344
-0.1853329539299011
-0.1901076734066010
-0.1481583565473557
-0.2296127676963806
-0.1943423897027969
-0.2017602473497391
-0.2064781337976456
-0.1319015771150589
-0.1548941284418106
-0.1312194764614105
-0.2530032098293304
-0.3003809154033661
-0.2198075503110886
-0.3055819571018219
-0.2362632751464844
-0.2537137269973755
-0.2487400621175766
-0.1613456755876541
-0.2332222312688828
-0.2016749829053879
-0.2533442676067352
-0.3293418586254120
-0.2012486755847931
-0.2501611113548279
-0.1848782151937485
-0.1918413490056992
-0.1392057687044144
-0.1046174764633179
-0.2088939100503922
-0.2000265717506409
-0.1972129046916962
-0.2428569346666336
-0.0989901348948479
-0.0956648811697960
-0.0994448661804199
-0.1333510577678680
-0.0443935096263885
-0.0400166846811771
-0.1496078222990036
-0.1607488393783569
-0.1495794057846069
-0.1982928961515427
-0.0560745149850845
-0.0482871755957603
-0.0460987649857998
-0.1239437162876129
-0.0551366247236729
-0.0383398495614529
-0.0698870941996574
-0.1065785214304924
-0.0763102248311043
-0.1328678876161575
-0.0421482548117638
-0.0414093099534512
-0.0032399871852249
-0.0314619801938534
0.0018757820362225
0.0331388153135777
-0.0078157586976886
-0.1115806102752686
-0.0466103404760361
-0.1385236680507660
-0.0898385941982269
-0.0802323147654533
0.0435693003237247
0.0531471595168114
0.0550229400396347
0.0798059999942780
0.0515271648764610
-0.0953806713223457
-0.0221114922314882
-0.1114385053515434
-0.1189984753727913
-0.0991322398185730
0.0901228040456772
0.1271268576383591
0.1196805760264397
0.0979669764637947
0.0277104172855616
-0.1464530974626541
-0.0543124154210091
-0.1268710792064667
-0.1206753104925156
-0.0839554592967033
0.0710239261388779
0.0447914004325867
0.0507882200181484
0.0534029453992844
-0.0284777823835611
-0.1846508532762527
-0.0577229298651218
-0.1411668062210083
-0.1329531520605087
-0.0902080610394478
0.0374587997794151
0.0296146199107170
0.0501629598438740
0.0516976900398731
-0.0248967427760363
-0.1579351574182510
-0.0874796509742737
-0.1097616702318192
-0.0129315275698900
0.0844670310616493
0.0572966150939465
0.0101178549230099
-0.1589014828205109
-0.2339327633380890
-0.1913297623395920
-0.2323980331420898
-0.0675565749406815
-0.0768218040466309
-0.0019894659053534
0.0762249603867531
0.0478040203452110
0.0334514454007149
-0.1265868693590164
-0.2089507579803467
-0.1662624925374985
-0.2547937333583832
-0.0525787398219109
-0.0657944753766060
-0.0432282499969006
0.0237599052488804
-0.0319451354444027
-0.0487703345716000
-0.1998844742774963
-0.2457842826843262
-0.1708951145410538
-0.2200633436441422
-0.1023438051342964
-0.1778866648674011
-0.1532172858715057
-0.0950680449604988
-0.1230342462658882
-0.1145648062229156
-0.2088086456060410
-0.2609894871711731
-0.1851624250411987
-0.1933476477861404
-0.1715487986803055
-0.2835557162761688
-0.2664747238159180
-0.2181591391563416
-0.2433969229459763
-0.1600383073091507
-0.2292433083057404
-0.2686347365379333
-0.2033234089612961
-0.2065918147563934
-0.1675414443016052
-0.3252208232879639
-0.2554189860820770
-0.2053412944078445
-0.2134696841239929
-0.1823487579822540
-0.2385653704404831
-0.2529463768005371
-0.1976676434278488
-0.2098886370658875
-0.1843097954988480
-0.3822048008441925
-0.3097598254680634
-0.3015745878219604
-0.2867957055568695
-0.3293986916542053
-0.3976942002773285
-0.4467203319072723
-0.3382091820240021
-0.2926219999790192
-0.2427432537078857
-0.4142636358737946
-0.3601217269897461
-0.3357934057712555
-0.3428986370563507
-0.3959605395793915
-0.4760223329067230
-0.5189948081970215
-0.3612585663795471
-0.2931904196739197
-0.2471769154071808
-0.3869510889053345
-0.3313029110431671
-0.2960325181484222
-0.3785953521728516
-0.5643830299377441
-0.7321802377700806
-0.8044546842575073
-0.5941113233566284
-0.4254330396652222
-0.1785403490066528
-0.2547653019428253
-0.2421464025974274
-0.2171928286552429
-0.2988746166229248
-0.3804711103439331
-0.4328224956989288
-0.4541950523853302
-0.3768048286437988
-0.3001251220703125
-0.1141953393816948
-0.2094907462596893
-0.2014476209878922
-0.1724014282226562
-0.1528478115797043
-0.2185001820325851
-0.2470348030328751
-0.2316875010728836
-0.2057676017284393
-0.1889992505311966
-0.1623972505331039
-0.2112244218587875
-0.2021013051271439
-0.0969154089689255
-0.0501345396041870
-0.1689056456089020
-0.2067339122295380
-0.2071318179368973
-0.2136402130126953
-0.1674561798572540
-0.2016181498765945
-0.2402706295251846
-0.1872939914464951
-0.0820512548089027
-0.0541134700179100
-0.1700140684843063
-0.2858009636402130
-0.2962030470371246
-0.2862841188907623
-0.1338057816028595
-0.1756414026021957
-0.2059665471315384
-0.1718898415565491
-0.1166963800787926
-0.1003827601671219
-0.1609193682670593
-0.2783262729644775
-0.3793911337852478
-0.3975805342197418
-0.2515537440776825
-0.1511141359806061
-0.1766361445188522
-0.1722308993339539
-0.1434973329305649
-0.1643298715353012
-0.2465800791978836
-0.4007352590560913
-0.4715602397918701
-0.4767612814903259
-0.3287450075149536
-0.1742487847805023
-0.2331653982400894
-0.2039202451705933
-0.1978665888309479
-0.2051991820335388
-0.2239001691341400
-0.3119198083877563
-0.4192088544368744
-0.4454698264598846
-0.3798174560070038
-0.2308633029460907
-0.3188261091709137
-0.2980219721794128
-0.2835557162761688
-0.3080545663833618
-0.3330365717411041
-0.4022699892520905
-0.4674107730388641
-0.5016864538192749
-0.4304351508617401
-0.2584600150585175
-0.3614859282970428
-0.3677101135253906
-0.4066183865070343
-0.4863675534725189
-0.5177158713340759
-0.5877734422683716
-0.6641120910644531
-0.6803404688835144
-0.5172327160835266
-0.3045303821563721
-0.4391603767871857
-0.3997120857238770
-0.4440487623214722
-0.4985032975673676
-0.5666282773017883
-0.7169750332832336
-0.8595345020294189
-0.8400945663452148
-0.5878871679306030
-0.2550779283046722
-0.3390333950519562
-0.3326671123504639
-0.3758953511714935
-0.4089773297309875
-0.4302077591419220
-0.5548904538154602
-0.6601899862289429
-0.6410911679267883
-0.4269109368324280
-0.2798894047737122
-0.3906742334365845
-0.3686480224132538
-0.3806700706481934
-0.3477870523929596
-0.3577627837657928
-0.3488670289516449
-0.3903331756591797
-0.3517091274261475
-0.2727841734886169
-0.4017584025859833
-0.5598641037940979
-0.5180284976959229
-0.5165790319442749
-0.4219656884670258
-0.4408940374851227
-0.4311172366142273
-0.5453978180885315
-0.4794044196605682
-0.3433533906936646
-0.3736785054206848
-0.4985885620117188
-0.4408656358718872
-0.4205446541309357
-0.3400849699974060
-0.3629922568798065
-0.3292850255966187
-0.4541381895542145
-0.3914984464645386
-0.2805715203285217
-0.3383228778839111
-0.4218235909938812
-0.3525049090385437
-0.3440923094749451
-0.3083387911319733
-0.3095324635505676
-0.2851472795009613
-0.3134545385837555
-0.2864546477794647
-0.2014476209878922
-0.3301376402378082
-0.4090909957885742
-0.3396018147468567
-0.3361344635486603
-0.2932756841182709
-0.2764789164066315
-0.2657357752323151
-0.2293569892644882
-0.2331938147544861
-0.1429573297500610
-0.2890409529209137
-0.3469628393650055
-0.2723294496536255
-0.2632347345352173
-0.2375137954950333
-0.2082118093967438
-0.2049718201160431
-0.1713214218616486
-0.2011634111404419
-0.1362215727567673
-0.3257039785385132
-0.3863826692104340
-0.2857156991958618
-0.2825609743595123
-0.2347853779792786
-0.1989465802907944
-0.1741351038217545
-0.1640740931034088
-0.1924097687005997
-0.1528762429952621
-0.3340028822422028
-0.3488670289516449
-0.2729547023773193
-0.2525484859943390
-0.1897950321435928
-0.1417920738458633
-0.0894975364208221
-0.1222668811678886
-0.1574804335832596
-0.1373583972454071
-0.3232029378414154
-0.2888988554477692
-0.2098602205514908
-0.1623688340187073
-0.1284058094024658
-0.1447478532791138
-0.1386373490095139
-0.2143791466951370
-0.2618137001991272
-0.1955360621213913
-0.2490811198949814
-0.2431979775428772
-0.2173065096139908
-0.1840540021657944
-0.1450320631265640
-0.0886164903640747
-0.0420061498880386
-0.1011501252651215
-0.1581341028213501
-0.1194532141089439
0.1527057141065598
0.1149911209940910
0.1127458661794662
0.0586892403662205
0.1272121220827103
0.1204195246100426
0.1883739829063416
0.1458278447389603
0.1179184764623642
0.0317177698016167
0.1529899239540100
0.0163420401513577
0.0928512141108513
0.0342756547033787
0.1117511391639709
0.0831312462687492
0.1116942912340164
0.0278525203466415
-0.0259483177214861
-0.0393061600625515
0.1075164154171944
-0.0971711948513985
0.0162567775696516
-0.0368335396051407
0.0514134801924229
0.0321440845727921
0.0058547137305140
-0.0416366755962372
-0.0654534250497818
-0.0540282055735588
0.1585888415575027
-0.0435408800840378
0.0390503704547882
-0.0172230899333954
-0.0138409975916147
-0.0851207152009010
-0.1474194228649139
-0.1096195653080940
-0.0787260010838509
-0.0097483824938536
0.0958069860935211
-0.0990469753742218
-0.0036947221960872
-0.0563871450722218
-0.0363219603896141
-0.1336352527141571
-0.1903066188097000
-0.1430425941944122
-0.0692049860954285
-0.0079578636214137
0.0465819202363491
-0.1040490642189980
-0.0604797601699829
-0.0611902847886086
-0.0067073418758810
-0.0860870257019997
-0.1182879507541656
-0.0929933190345764
-0.1001553907990456
-0.0503050647675991
-0.0322577655315399
-0.1458846777677536
-0.1621983051300049
-0.1127174496650696
-0.0239020101726055
-0.0538861006498337
-0.0558755695819855
-0.0188146624714136
-0.0470650754868984
-0.0547955706715584
-0.0134146837517619
-0.0792091563344002
-0.1983213126659393
-0.1907897740602493
-0.0975122451782227
-0.0992175042629242
-0.1087385192513466
-0.0599397607147694
-0.1144795492291451
-0.0824207291007042
-0.0448766648769379
-0.0815965160727501
-0.2055402398109436
-0.2398727387189865
-0.1703266948461533
-0.1086816713213921
-0.0967448800802231
-0.0457008704543114
-0.0980522409081459
-0.1112679764628410
-0.0777596905827522
-0.0996722355484962
-0.1521372944116592
-0.1849918961524963
-0.1231763511896133
-0.1018890663981438
-0.1111258789896965
-0.0985353961586952
-0.1218689903616905
-0.1110121905803680
