-0.2931948602199554
-0.3872409462928772
-0.3182694315910339
-0.3070812821388245
-0.2440657913684845
-0.2109620869159698
-0.3949739336967468
-0.4065569341182709
-0.4714809954166412
-0.4792797863483429
-0.4110321998596191
-0.4929358959197998
-0.3816139996051788
-0.3475888967514038
-0.2675937712192535
-0.2621971368789673
-0.5702326893806458
-0.5438089966773987
-0.5893841385841370
-0.6201844215393066
-0.3806596994400024
-0.5011624693870544
-0.4288673996925354
-0.3870435357093811
-0.2760506868362427
-0.2054009288549423
-0.3925059735774994
-0.3917162120342255
-0.5271254777908325
-0.6487470865249634
-0.3776323199272156
-0.4999449253082275
-0.4671373665332794
-0.4283408820629120
-0.3223827183246613
-0.2608479857444763
-0.4464393258094788
-0.5382807254791260
-0.6034351587295532
-0.6529590487480164
-0.3423897027969360
-0.4248857200145721
-0.4791481792926788
-0.5026761293411255
-0.4491047561168671
-0.3541043400764465
-0.3997782468795776
-0.5763203501701355
-0.6775071620941162
-0.6317016482353210
-0.3146168291568756
-0.3878003656864166
-0.5263028740882874
-0.5909307599067688
-0.5794464945793152
-0.4748703539371490
-0.4505526125431061
-0.5826383829116821
-0.7055432796478271
-0.5978081822395325
-0.2649283707141876
-0.3545979559421539
-0.5942872166633606
-0.6466081738471985
-0.6826075911521912
-0.5228148102760315
-0.4633531570434570
-0.5366024971008301
-0.7492427825927734
-0.6665822863578796
-0.2786502838134766
-0.3844439387321472
-0.6949474811553955
-0.6680301427841187
-0.7039637565612793
-0.5402880311012268
-0.4529218673706055
-0.4981021881103516
-0.7497035264968872
-0.7224900126457214
-0.2662117183208466
-0.3516363799571991
-0.6678327322006226
-0.5930367708206177
-0.6281477212905884
-0.4779964387416840
-0.3977380692958832
-0.4433461427688599
-0.7066292166709900
-0.7306836843490601
-0.2720032036304474
-0.3061270117759705
-0.5082702040672302
-0.4576932787895203
-0.5109027028083801
-0.4408123493194580
-0.3726305663585663
-0.3573620617389679
-0.4559821486473083
-0.4239972531795502
-0.2184976190328598
-0.2828293740749359
-0.2244207412004471
-0.2083624899387360
-0.2193531841039658
-0.2098761796951294
-0.2316272258758545
-0.2273164987564087
-0.2513051629066467
-0.2866464853286743
-0.3000722527503967
-0.3601920008659363
-0.2900029420852661
-0.2856593132019043
-0.2678570151329041
-0.3006645739078522
-0.4003047347068787
-0.3418961167335510
-0.4089919924736023
-0.4399568140506744
-0.2921089529991150
-0.3368943631649017
-0.3141232430934906
-0.3344264030456543
-0.2905294299125671
-0.2715754210948944
-0.3633181154727936
-0.2775972783565521
-0.3939538300037384
-0.5156741142272949
-0.2732865512371063
-0.3007303774356842
-0.3714788556098938
-0.3918149173259735
-0.3842794001102448
-0.4145202636718750
-0.5185369849205017
-0.5113962888717651
-0.5510154366493225
-0.5850734114646912
-0.2564056515693665
-0.2896080613136292
-0.3758553862571716
-0.4119206666946411
-0.4296900331974030
-0.4480517506599426
-0.4792797863483429
-0.5622364878654480
-0.6376247406005859
-0.5998812317848206
-0.2415978163480759
-0.2734510898590088
-0.3572633564472198
-0.3899063766002655
-0.3875371217727661
-0.3553218841552734
-0.3616398870944977
-0.4372913837432861
-0.6077787876129150
-0.5543060898780823
-0.1933243274688721
-0.2592355906963348
-0.3703271448612213
-0.3903999626636505
-0.3604552447795868
-0.2886537909507751
-0.2815460264682770
-0.3415012359619141
-0.5865871310234070
-0.5650664567947388
-0.2103697657585144
-0.2946098148822784
-0.4254451394081116
-0.4274195134639740
-0.3794421851634979
-0.3162950575351715
-0.2926354408264160
-0.3573291599750519
-0.5751686692237854
-0.5935303568840027
-0.1826955974102020
-0.2208339571952820
-0.3507808148860931
-0.3540056347846985
-0.3463713824748993
-0.3077723085880280
-0.2553526461124420
-0.3041855394840240
-0.4754955768585205
-0.5224857330322266
-0.1176069974899292
-0.1236288473010063
-0.2314297854900360
-0.2415319979190826
-0.2524568736553192
-0.2065197378396988
-0.1360345035791397
-0.1224771291017532
-0.2112582325935364
-0.2610125243663788
-0.2534769773483276
-0.2997761070728302
-0.3177100121974945
-0.2671988904476166
-0.2074411064386368
-0.1190877854824066
-0.1119800284504890
0.0132941324263811
0.0212245434522629
-0.0408037714660168
-0.3939209282398224
-0.3994821012020111
-0.4093868732452393
-0.3276148140430450
-0.2254737466573715
-0.0822327658534050
-0.1432080715894699
0.0343212373554707
0.0756515115499496
-0.0564671568572521
-0.3215600550174713
-0.3473585546016693
-0.4280118346214294
-0.3818772435188293
-0.3397572040557861
-0.1521914899349213
-0.1797011345624924
0.0181642603129148
0.0851614177227020
-0.1196142807602882
-0.2954982817173004
-0.3671023249626160
-0.5151476263999939
-0.4697369635105133
-0.4748703539371490
-0.2921418547630310
-0.3565064966678619
-0.2924050986766815
-0.1528496146202087
-0.1883225739002228
-0.2762152254581451
-0.4021145999431610
-0.5981371998786926
-0.5642108917236328
-0.6213690638542175
-0.5404525399208069
-0.6590467095375061
-0.6904722452163696
-0.5120873451232910
-0.3035274147987366
-0.3011581599712372
-0.4660514593124390
-0.7032727599143982
-0.6404218077659607
-0.6914594173431396
-0.6931047439575195
-0.9126882553100586
-0.9593493342399597
-0.7845183014869690
-0.3498265445232391
-0.3626928925514221
-0.5254143476486206
-0.8115343451499939
-0.7676045298576355
-0.8376290202140808
-0.8794858455657959
-1.1741285324096680
-1.2450414896011353
-1.0312824249267578
-0.4797404706478119
-0.4898427128791809
-0.6541107892990112
-0.9401320815086365
-0.9006445407867432
-1.0060762166976929
-1.0794242620468140
-1.3812406063079834
-1.4578135013580322
-1.1698507070541382
-0.5454213619232178
-0.4848409593105316
-0.6368678808212280
-0.8811969161033630
-0.8773469328880310
-1.0351324081420898
-1.1203596591949463
-1.3777196407318115
-1.4791038036346436
-1.2003877162933350
-0.5878046751022339
-0.3493987619876862
-0.4012261331081390
-0.5419991612434387
-0.5732929706573486
-0.7467419505119324
-0.8348978161811829
-0.9571117162704468
-0.9890965819358826
-0.7801746726036072
-0.3268250524997711
-0.3232711851596832
-0.3877674639225006
-0.4579236209392548
-0.4045167565345764
-0.3976722359657288
-0.4271233677864075
-0.4153099954128265
-0.4112954437732697
-0.4538761377334595
-0.2635462880134583
-0.3451538383960724
-0.3922426998615265
-0.5244271755218506
-0.4482820928096771
-0.4264323115348816
-0.4890529513359070
-0.5072172284126282
-0.4814516007900238
-0.5257434248924255
-0.2603873014450073
-0.2868768274784088
-0.3124450147151947
-0.4503880739212036
-0.3636800646781921
-0.2991837859153748
-0.3440350294113159
-0.3900379836559296
-0.3553876876831055
-0.5105078220367432
-0.2147792130708694
-0.2273164987564087
-0.2857251167297363
-0.4354815483093262
-0.3837528824806213
-0.3159330785274506
-0.3692741394042969
-0.4372255802154541
-0.3932957053184509
-0.4933636784553528
-0.2230386883020401
-0.1770028173923492
-0.2599595189094543
-0.4129407405853271
-0.3914858698844910
-0.2880285680294037
-0.3088582158088684
-0.4000414907932281
-0.4676309823989868
-0.5818815231323242
-0.3335379362106323
-0.1836498826742172
-0.2604202032089233
-0.3773032724857330
-0.4026081860065460
-0.3031654357910156
-0.3049753010272980
-0.4252806007862091
-0.5493701100349426
-0.6903076767921448
-0.4218254387378693
-0.1627544015645981
-0.2225121855735779
-0.3686489164829254
-0.4530864059925079
-0.3848058879375458
-0.4003047347068787
-0.5144236683845520
-0.6779678463935852
-0.8489158749580383
-0.5285733938217163
-0.2080992311239243
-0.3016517460346222
-0.4807934761047363
-0.5641121268272400
-0.5085992813110352
-0.5291327834129333
-0.5790516138076782
-0.6840884089469910
-0.8832371234893799
-0.5817499160766602
-0.2375174462795258
-0.3473256528377533
-0.5303832292556763
-0.5977423787117004
-0.5697720050811768
-0.6085684895515442
-0.6732622385025024
-0.7581275105476379
-0.9567826390266418
-0.6698399782180786
-0.1864469200372696
-0.2574257254600525
-0.4008641541004181
-0.3789156675338745
-0.3390990793704987
-0.3150117099285126
-0.3357097506523132
-0.4065569341182709
-0.5776036977767944
-0.4303152561187744
-0.4027398228645325
-0.3875371217727661
-0.3337353765964508
-0.2947743535041809
-0.3405140638351440
-0.3395597636699677
-0.3385396897792816
-0.1135595291852951
-0.3070483803749084
-0.1568970829248428
-0.4767130911350250
-0.5551616549491882
-0.4755613803863525
-0.4362383782863617
-0.4906982779502869
-0.4813528954982758
-0.4728301465511322
-0.1958581060171127
-0.3718079328536987
-0.2260660529136658
-0.4498615860939026
-0.5661523342132568
-0.4960619807243347
-0.4557518064975739
-0.5224199295043945
-0.4627937376499176
-0.4506513476371765
-0.2445264756679535
-0.3974418938159943
-0.2283036857843399
-0.4403187632560730
-0.6260088086128235
-0.5424927473068237
-0.5894829034805298
-0.6884320378303528
-0.6826075911521912
-0.6915252208709717
-0.5821118950843811
-0.5789528489112854
-0.3259365856647491
-0.4415692090988159
-0.6871157884597778
-0.6384474039077759
-0.6420341730117798
-0.7061026692390442
-0.8201228976249695
-0.9479966759681702
-0.9424026012420654
-0.8372671008110046
-0.4867824316024780
-0.4804644286632538
-0.7602664232254028
-0.7360144853591919
-0.7018907070159912
-0.6668455004692078
-0.8188066482543945
-1.0163429975509644
-1.1076250076293945
-0.9797512292861938
-0.5747079849243164
-0.5148185491561890
-0.7838931083679199
-0.7678677439689636
-0.7955748438835144
-0.6753682494163513
-0.8885021209716797
-1.1694229841232300
-1.2901889085769653
-1.0994970798492432
-0.6165647506713867
-0.5963602662086487
-0.8330221772193909
-0.8197609186172485
-0.9408889412879944
-0.8295670151710510
-1.0290777683258057
-1.3617600202560425
-1.4638682603836060
-1.2267456054687500
-0.6842529177665710
-0.5451252460479736
-0.7726391553878784
-0.7585881948471069
-0.9670823216438293
-0.9136754274368286
-1.0728759765625000
-1.3649519681930542
-1.3634382486343384
-1.1318440437316895
-0.6598693728446960
-0.3692412376403809
-0.5939910411834717
-0.5880678892135620
-0.7638860940933228
-0.7801746726036072
-0.9202895760536194
-1.1063416004180908
-1.0644848346710205
-0.8742866516113281
-0.5115608572959900
-0.1992803514003754
-0.2312652468681335
-0.2087573558092117
-0.2226767092943192
-0.2388665974140167
-0.3052385449409485
-0.2111595273017883
-0.2801968753337860
-0.3376183211803436
-0.2983940243721008
-0.1662424653768539
-0.1635770499706268
-0.1598586440086365
-0.1713758409023285
-0.2390640377998352
-0.3704587519168854
-0.2247169017791748
-0.2423546612262726
-0.2971436083316803
-0.2462705075740814
-0.1767395585775375
-0.1869405061006546
-0.1462025493383408
-0.1137569695711136
-0.1382392346858978
-0.2888841331005096
-0.2273164987564087
-0.2555829882621765
-0.3063573539257050
-0.2159309238195419
-0.2053680121898651
-0.2592684924602509
-0.2246510833501816
-0.2046111673116684
-0.2371883839368820
-0.3886559307575226
-0.3176442086696625
-0.3384409546852112
-0.3582505285739899
-0.2186950594186783
-0.1678548753261566
-0.2062564790248871
-0.2062893956899643
-0.2163587063550949
-0.2494953274726868
-0.3718408346176147
-0.3917162120342255
-0.3984290957450867
-0.3948751986026764
-0.2246840000152588
-0.1427473872900009
-0.1978982985019684
-0.2069475203752518
-0.2134958654642105
-0.2356088757514954
-0.3696690201759338
-0.4599308967590332
-0.4952722489833832
-0.4799708127975464
-0.2957286238670349
-0.1848015934228897
-0.2339306622743607
-0.2053351104259491
-0.1578184664249420
-0.1097753122448921
-0.1805237829685211
-0.2653890550136566
-0.3393294215202332
-0.3890179097652435
-0.2582154870033264
-0.1844067275524139
-0.1989512890577316
-0.1542645841836929
-0.1529812365770340
-0.1369558870792389
-0.2160296440124512
-0.2958931624889374
-0.3544992208480835
-0.4024107456207275
-0.2783212065696716
-0.2439670711755753
-0.2886208891868591
-0.2639740705490112
-0.2818421721458435
-0.2616706490516663
-0.2993154227733612
-0.3331759572029114
-0.3346567451953888
-0.3592377305030823
-0.2167864888906479
-0.2691732645034790
-0.4025423824787140
-0.4106044173240662
-0.4411085247993469
-0.4057013690471649
-0.4176792502403259
-0.4796417653560638
-0.5187343955039978
-0.5494359731674194
-0.3414683341979980
-0.2917140722274780
-0.3020795285701752
-0.3560458123683929
-0.3278780579566956
-0.3603894412517548
-0.4595689475536346
-0.3327810764312744
-0.3625283539295197
-0.3531829714775085
-0.3663125634193420
-0.3488064408302307
-0.3085620701313019
-0.3747365772724152
-0.3222839832305908
-0.3625941574573517
-0.5663827061653137
-0.4220228791236877
-0.3933286070823669
-0.4070834517478943
-0.4193903803825378
-0.3509782552719116
-0.3610146641731262
-0.4960619807243347
-0.4369294345378876
-0.4151125550270081
-0.5719767212867737
-0.4109663665294647
-0.3973431885242462
-0.5538783073425293
-0.5379187464714050
-0.3405140638351440
-0.4002060294151306
-0.6110035777091980
-0.5329499244689941
-0.5172536373138428
-0.7434841990470886
-0.6978102922439575
-0.7069582343101501
-0.8434863686561584
-0.6346631646156311
-0.2985914647579193
-0.3858588933944702
-0.6219942569732666
-0.5508180260658264
-0.5293631553649902
-0.7331187129020691
-0.8273952007293701
-0.8787947893142700
-1.0158493518829346
-0.6770793795585632
-0.3114907443523407
-0.4416021108627319
-0.6595073938369751
-0.5803020596504211
-0.5186027884483337
-0.6497671604156494
-0.8205177783966064
-0.8862316012382507
-1.0530663728713989
-0.6602971553802490
-0.2986243665218353
-0.4886580705642700
-0.6686553359031677
-0.5858302712440491
-0.4751664996147156
-0.5321601629257202
-0.7069582343101501
-0.8431243896484375
-1.0517172813415527
-0.6263707876205444
-0.3439033925533295
-0.5584522485733032
-0.6898469924926758
-0.6529919505119324
-0.5581561326980591
-0.6323597431182861
-0.7868546843528748
-0.9539527297019958
-1.1627100706100464
-0.6879055500030518
-0.3720382750034332
-0.5447303652763367
-0.6064954400062561
-0.6051462888717651
-0.5707263350486755
-0.6773425936698914
-0.8061048388481140
-0.9160117506980896
-1.0439184904098511
-0.5781960487365723
-0.3201450705528259
-0.4513423740863800
-0.4804644286632538
-0.5257763266563416
-0.5679292678833008
-0.6691489815711975
-0.7504603266716003
-0.7586869001388550
-0.7745477557182312
-0.4248528182506561
-0.2466982901096344
-0.2698313891887665
-0.2631843388080597
-0.2780908644199371
-0.3058966696262360
-0.2831913530826569
-0.3104706406593323
-0.3361704349517822
-0.3664442002773285
-0.2746028006076813
-0.2703249752521515
-0.2799336314201355
-0.2927670776844025
-0.3118197917938232
-0.3372234404087067
-0.2732536494731903
-0.2940503954887390
-0.3014872372150421
-0.3900708854198456
-0.3079697489738464
-0.2945111095905304
-0.3248835802078247
-0.3691754043102264
-0.3650292158126831
-0.3704587519168854
-0.3043500781059265
-0.3294246494770050
-0.3420606553554535
-0.5535492300987244
-0.4173173010349274
-0.2920102179050446
-0.3381777107715607
-0.4075441360473633
-0.4068860113620758
-0.4167249798774719
-0.4354815483093262
-0.5528582334518433
-0.5905687808990479
-0.7216673493385315
-0.5354837179183960
-0.3050740063190460
-0.3575266003608704
-0.4537445306777954
-0.4548304378986359
-0.4495325088500977
-0.5186027884483337
-0.6704652309417725
-0.7846499681472778
-0.8465466499328613
-0.6188681721687317
-0.3105035424232483
-0.3651937544345856
-0.4387063682079315
-0.4728959798812866
-0.4247212111949921
-0.4677954912185669
-0.6025137901306152
-0.8063022494316101
-0.8583928942680359
-0.6446337699890137
-0.3062586486339569
-0.3692083358764648
-0.4206408262252808
-0.4743109345436096
-0.4177121520042419
-0.4784242212772369
-0.5831648707389832
-0.8096916079521179
-0.8858696222305298
-0.6464436054229736
-0.3630219399929047
-0.4730605185031891
-0.5233412981033325
-0.5852708816528320
-0.5524304509162903
-0.6606591343879700
-0.7506906986236572
-0.9479308724403381
-1.0197981595993042
-0.7355208992958069
-0.3769412934780121
-0.4988919198513031
-0.5254143476486206
-0.5764520168304443
-0.5909965634346008
-0.7496376633644104
-0.8611240983009338
-0.9818243384361267
-1.0300649404525757
-0.7288080453872681
-0.2662117183208466
-0.3713143169879913
-0.4044509232044220
-0.4192916750907898
-0.4289661049842834
-0.5273229479789734
-0.6050475239753723
-0.6806661486625671
-0.7095249295234680
-0.5248878598213196
-0.2161612659692764
-0.4362713098526001
-0.4308746755123138
-0.4272878766059875
-0.4217267334461212
-0.3563748896121979
-0.2928986847400665
-0.1667689681053162
-0.2807233631610870
-0.3098125159740448
-0.3452854752540588
-0.5595381855964661
-0.5148185491561890
-0.5115279555320740
-0.5015902519226074
-0.3993833661079407
-0.3027376532554626
-0.1706189960241318
-0.3187301158905029
-0.3551573455333710
-0.3756579458713531
-0.5795122981071472
-0.5635527372360229
-0.6216652393341064
-0.6219284534454346
-0.5728322863578796
-0.4710203111171722
-0.3744075000286102
-0.4475252330303192
-0.4713493883609772
-0.3929008245468140
-0.5883311629295349
-0.6234421730041504
-0.7614510059356689
-0.8425979018211365
-0.8756687045097351
-0.8257498741149902
-0.7992932200431824
-0.8166348338127136
-0.7105779647827148
-0.4706583619117737
-0.6929072737693787
-0.7324277162551880
-0.9097924828529358
-0.9964017868041992
-1.1831119060516357
-1.3311243057250977
-1.4377406835556030
-1.3591934442520142
-1.0467813014984131
-0.5155754089355469
-0.7406871914863586
-0.7268665432929993
-0.8863961100578308
-0.9200263619422913
-1.1462569236755371
-1.4584057331085205
-1.7384710311889648
-1.6573570966720581
-1.2564600706100464
-0.5793806314468384
-0.8124228715896606
-0.7364751696586609
-0.9205857515335083
-0.9088053107261658
-1.1264144182205200
-1.4478099346160889
-1.7758525609970093
-1.6513681411743164
-1.2457983493804932
-0.7102159857749939
-1.0495454072952271
-0.9105822443962097
-1.1429662704467773
-1.1493501663208008
-1.4070720672607422
-1.7364637851715088
-2.0145545005798340
-1.7713115215301514
-1.2701489925384521
-0.8053808808326721
-1.2578749656677246
-1.1296721696853638
-1.3954560756683350
-1.5353077650070190
-1.9415355920791626
-2.2817206382751465
-2.4298317432403564
-2.0392673015594482
-1.4050318002700806
-0.5944188237190247
-0.9451667070388794
-0.9010065197944641
-1.1230908632278442
-1.2931176424026489
-1.6456423997879028
-1.8932950496673584
-1.9553562402725220
-1.6654520034790039
-1.1261841058731079
0.0103325676172972
-0.0289246086031199
0.0195134170353413
0.0020730949472636
-0.0671287849545479
-0.1403123289346695
-0.1723301261663437
-0.2818421721458435
-0.3219878375530243
-0.1140531226992607
-0.0297472663223743
-0.0831541419029236
0.0137877259403467
-0.0117146316915751
-0.0785472616553307
-0.2310678064823151
-0.2215249985456467
-0.3392636179924011
-0.3981000185012817
-0.1645313352346420
-0.0754869803786278
-0.1096436828374863
0.0047385026700795
-0.0174074154347181
-0.0364272370934486
-0.2332725375890732
-0.2554842531681061
-0.3821404874324799
-0.5126796364784241
-0.2427824437618256
-0.0870041698217392
-0.1045103073120117
0.0075684417970479
-0.0467927120625973
-0.0854575783014297
-0.3631206750869751
-0.4362713098526001
-0.5497320890426636
-0.7063330411911011
-0.3861550390720367
-0.0777575075626373
-0.1251096278429031
-0.0347490198910236
-0.1147770583629608
-0.1654856204986572
-0.4582526981830597
-0.6081407070159912
-0.7424312233924866
-0.9182823300361633
-0.5643424987792969
-0.0905580520629883
-0.1733173131942749
-0.0835819169878960
-0.1504145562648773
-0.1488350480794907
-0.3598629534244537
-0.5149831175804138
-0.7173237204551697
-0.9476346969604492
-0.6603958606719971
-0.0874319523572922
-0.2396563440561295
-0.1260310113430023
-0.1726920902729034
-0.0936512351036072
-0.2166219651699066
-0.3432781994342804
-0.5700681805610657
-0.8639211654663086
-0.6160053610801697
-0.1474529802799225
-0.4198510646820068
-0.3285690844058990
-0.3961256444454193
-0.2663433253765106
-0.3740126490592957
-0.5422623753547668
-0.7785623073577881
-1.0748503208160400
-0.7278208136558533
-0.3029679954051971
-0.6649369597434998
-0.5614467263221741
-0.5952743887901306
-0.4772067070007324
-0.6117604374885559
-0.8464150428771973
-1.0480645895004272
-1.2880829572677612
-0.8193660378456116
-0.2651587128639221
-0.5530556440353394
-0.4804973304271698
-0.5188660025596619
-0.4940876066684723
-0.6226195096969604
-0.8456252813339233
-0.9811003804206848
-1.1049267053604126
-0.7214370369911194
-0.2679557502269745
-0.3726634681224823
-0.2719044983386993
-0.2725955247879028
-0.3001380562782288
-0.4300520122051239
-0.4143228232860565
-0.4868811368942261
-0.3666087388992310
-0.3132347762584686
-0.3546308577060699
-0.4285712242126465
-0.2976042926311493
-0.3103719055652618
-0.3431794643402100
-0.5729968547821045
-0.5641779899597168
-0.6112668514251709
-0.5125151276588440
-0.4217925369739532
-0.3416986763477325
-0.4153758287429810
-0.3380790054798126
-0.3868789970874786
-0.3679578900337219
-0.5154109001159668
-0.4632544517517090
-0.4848080277442932
-0.5899764895439148
-0.4820439219474792
-0.3361704349517822
-0.4153428971767426
-0.4002060294151306
-0.4679600298404694
-0.4601283371448517
-0.6011975407600403
-0.5983017683029175
-0.6217639446258545
-0.7896516919136047
-0.5683570504188538
-0.3298853337764740
-0.4366661608219147
-0.5296263694763184
-0.5963273644447327
-0.5860277414321899
-0.7011996507644653
-0.7807341217994690
-0.8680673241615295
-1.0033450126647949
-0.6672732830047607
-0.3475559949874878
-0.5039923787117004
-0.6511163115501404
-0.6841542124748230
-0.6139322519302368
-0.6931376457214355
-0.7870191931724548
-0.9394739270210266
-1.1278952360153198
-0.7542445659637451
-0.3724331259727478
-0.6082065701484680
-0.7529283165931702
-0.7652681469917297
-0.6518402695655823
-0.6643117070198059
-0.7843866944313049
-0.9612578749656677
-1.2001245021820068
-0.8047227859497070
-0.4071821570396423
-0.7031082510948181
-0.8484880924224854
-0.8806046247482300
-0.8077172636985779
-0.8070920109748840
-0.9112403392791748
-1.0740605592727661
-1.3287880420684814
-0.8796174526214600
-0.5282114148139954
-0.8431901931762695
-0.9014343023300171
-0.8957744240760803
-0.8870213627815247
-0.9338469505310059
-1.0398380756378174
-1.1599130630493164
-1.3220093250274658
-0.8399983048439026
-0.4692762792110443
-0.6876093745231628
-0.7093933224678040
-0.7500983476638794
-0.7955419421195984
-0.8780050277709961
-0.9745520353317261
-1.0279917716979980
-1.0171656608581543
-0.6053107976913452
-0.4246882796287537
-0.5414726138114929
-0.5012282729148865
-0.4335400760173798
-0.4643403291702271
-0.4118877649307251
-0.3826999068260193
-0.4030688703060150
-0.3659176826477051
-0.2843759655952454
-0.5262370109558105
-0.6328533291816711
-0.5728651881217957
-0.4749361574649811
-0.5139629840850830
-0.4382456839084625
-0.3837199807167053
-0.4116574227809906
-0.4123813509941101
-0.3181377947330475
-0.4168895184993744
-0.5321930646896362
-0.5142591595649719
-0.4048458039760590
-0.3952042758464813
-0.3565393984317780
-0.3207044899463654
-0.2894764244556427
-0.3580201864242554
-0.3122146725654602
-0.3774348795413971
-0.5154767036437988
-0.5249207615852356
-0.4512436389923096
-0.4445965886116028
-0.3913871347904205
-0.3842135965824127
-0.3091214895248413
-0.3344264030456543
-0.2763797342777252
-0.3301156759262085
-0.4967859387397766
-0.5551616549491882
-0.4812212586402893
-0.4729617834091187
-0.4600954353809357
-0.4961607158184052
-0.4597663581371307
-0.4309733808040619
-0.2902990877628326
-0.2918456792831421
-0.5078095197677612
-0.5722070932388306
-0.5051441192626953
-0.4997803866863251
-0.5333448052406311
-0.5678963661193848
-0.5794464945793152
-0.5209391117095947
-0.2959918677806854
-0.2257369905710220
-0.4794772267341614
-0.5251182317733765
-0.4897110760211945
-0.4380811452865601
-0.5614467263221741
-0.6828708648681641
-0.7458205819129944
-0.6555257439613342
-0.2990521490573883
-0.2425850033760071
-0.4774041175842285
-0.4709874093532562
-0.4714480936527252
-0.3579872846603394
-0.4816490411758423
-0.6521363854408264
-0.7397658228874207
-0.6607249379158020
-0.2522594630718231
-0.3029350936412811
-0.5681596398353577
-0.5000107288360596
-0.5793477296829224
-0.4944824874401093
-0.6388093829154968
-0.7942914962768555
-0.8305541872978210
-0.6327217221260071
-0.2117518335580826
-0.2543983459472656
-0.4652946293354034
-0.3849704265594482
-0.4783584177494049
-0.4503880739212036
-0.5633224248886108
-0.6711233258247375
-0.7110715508460999
-0.4989577233791351
-0.1728566288948059
-0.2940833270549774
-0.4251489937305450
-0.4030030667781830
-0.3916833102703094
-0.4509474933147430
-0.3863524794578552
-0.3509453535079956
-0.4436093866825104
-0.5059996843338013
-0.3100757598876953
-0.4010944962501526
-0.5371289849281311
-0.4761537015438080
-0.4638796448707581
-0.5666130185127258
-0.4918170869350433
-0.3357097506523132
-0.4939230680465698
-0.5441380143165588
-0.3375195860862732
-0.4411085247993469
-0.6017569303512573
-0.5536479353904724
-0.5425585508346558
-0.6199212074279785
-0.5499953627586365
-0.3447260558605194
-0.5130745172500610
-0.6280161142349243
-0.3578885793685913
-0.4356131851673126
-0.6210399866104126
-0.5887589454650879
-0.6135373711585999
-0.6685566306114197
-0.6629625558853149
-0.5318639874458313
-0.6556244492530823
-0.7733960151672363
-0.4240959882736206
-0.4848738610744476
-0.6941248178482056
-0.6607578396797180
-0.6603958606719971
-0.7050167918205261
-0.7828401327133179
-0.7890264987945557
-0.8562210798263550
-0.9022898674011230
-0.4948773682117462
-0.4777660965919495
-0.6447324752807617
-0.6281148195266724
-0.6017240285873413
-0.6184403896331787
-0.7063330411911011
-0.8331537842750549
-0.9287794232368469
-0.9296020865440369
-0.5197874307632446
-0.4221874177455902
-0.5665143132209778
-0.5785250663757324
-0.6007038950920105
-0.5875084996223450
-0.6744797825813293
-0.8137720227241516
-0.8796503543853760
-0.8614202737808228
-0.4464064240455627
-0.4433790445327759
-0.6273909211158752
-0.6512150168418884
-0.7552646398544312
-0.7428590059280396
-0.8216695189476013
-0.9234156608581543
-0.9096937775611877
-0.8608608841896057
-0.4163300991058350
-0.4825046062469482
-0.6346960663795471
-0.6124514341354370
-0.7437474727630615
-0.8349636197090149
-0.9880107045173645
-1.0982466936111450
-0.9955133199691772
-0.8879427313804626
-0.4042864143848419
-0.3116881549358368
-0.4224835634231567
-0.4296900331974030
-0.5583535432815552
-0.6678985357284546
-0.7844524979591370
-0.8476983904838562
-0.7430564165115356
-0.6413102746009827
-0.3019150197505951
-0.1306049823760986
-0.1735476553440094
-0.1379101723432541
-0.1556795537471771
-0.1842092871665955
-0.3061928153038025
-0.1352447569370270
-0.2730562090873718
-0.3938551247119904
-0.3403495252132416
-0.1566009223461151
-0.2357404977083206
-0.2516671419143677
-0.2922734618186951
-0.3970470130443573
-0.5692126154899597
-0.2570637762546539
-0.3923085331916809
-0.5268622636795044
-0.4488414824008942
-0.2506141364574432
-0.3802319169044495
-0.3744075000286102
-0.3868131637573242
-0.4520004987716675
-0.6155775785446167
-0.3615082502365112
-0.4959632754325867
-0.6887940168380737
-0.4819451868534088
-0.3275160789489746
-0.5327853560447693
-0.5178459286689758
-0.5046176314353943
-0.5374580621719360
-0.6659570336341858
-0.4342969357967377
-0.4861572086811066
-0.6527945399284363
-0.4418324530124664
-0.3452525734901428
-0.5619074106216431
-0.5737207531929016
-0.5107052922248840
-0.4910931289196014
-0.5892854332923889
-0.5105407238006592
-0.5116266608238220
-0.5934316515922546
-0.3970470130443573
-0.3364665806293488
-0.5377871394157410
-0.5457175374031067
-0.5044201612472534
-0.4752323329448700
-0.5542402863502502
-0.5904700756072998
-0.6042907238006592
-0.6257784962654114
-0.4091565310955048
-0.3801003098487854
-0.5548325777053833
-0.4938572645187378
-0.4585488438606262
-0.3819430470466614
-0.3987581431865692
-0.4357447922229767
-0.4408123493194580
-0.4802669882774353
-0.2973739504814148
-0.3096479773521423
-0.3956978619098663
-0.2974726557731628
-0.3814823627471924
-0.4353828430175781
-0.5187014937400818
-0.5693442225456238
-0.5019522309303284
-0.4840182960033417
-0.2902332842350006
-0.3363349735736847
-0.3942500054836273
-0.3219220042228699
-0.4612800478935242
-0.5658561587333679
-0.6494380831718445
-0.6472004652023315
-0.4973782300949097
-0.4571996927261353
-0.2969132661819458
-0.3229092061519623
-0.4075112342834473
-0.4234049618244171
-0.5347268581390381
-0.5941226482391357
-0.6354529261589050
-0.6415734887123108
-0.5595381855964661
-0.5416371822357178
-0.3602907359600067
-0.2401499450206757
-0.2611441314220428
-0.1738767176866531
-0.1805237829685211
-0.2600582242012024
-0.1299139410257339
-0.2476196587085724
-0.2546945214271545
-0.2849024534225464
-0.1915802955627441
-0.3262327313423157
-0.3604223430156708
-0.2218211442232132
-0.2613415718078613
-0.3715446591377258
-0.1651236563920975
-0.2616706490516663
-0.3423238992691040
-0.3268250524997711
-0.2200442105531693
-0.3470953106880188
-0.3877016603946686
-0.2651258111000061
-0.2696997821331024
-0.3307408988475800
-0.1439320147037506
-0.2350165694952011
-0.3568026721477509
-0.3997782468795776
-0.2401499450206757
-0.3313003182411194
-0.4068530797958374
-0.2871730029582977
-0.3142548501491547
-0.3643052875995636
-0.2471589744091034
-0.3441995680332184
-0.4439384639263153
-0.4656236767768860
-0.2283036857843399
-0.3676288127899170
-0.4417008459568024
-0.3599287569522858
-0.3430807590484619
-0.3775994181632996
-0.3615082502365112
-0.4736199080944061
-0.5092244744300842
-0.4538103342056274
-0.1863481998443604
-0.3450880348682404
-0.4066556692123413
-0.3923414349555969
-0.3384738564491272
-0.3614095449447632
-0.4015222787857056
-0.4929358959197998
-0.5216959714889526
-0.3648318052291870
-0.1144809052348137
-0.2779592573642731
-0.3309712409973145
-0.3472598493099213
-0.3350845277309418
-0.3225801289081573
-0.4157706797122955
-0.5098168253898621
-0.5011624693870544
-0.3116881549358368
-0.0385003350675106
-0.2919444143772125
-0.3571975231170654
-0.3533804118633270
-0.3801003098487854
-0.3512085974216461
-0.4316644072532654
-0.5295276641845703
-0.4623988866806030
-0.3033628761768341
-0.0246467944234610
-0.2816118299961090
-0.3368943631649017
-0.3106022477149963
-0.3878990709781647
-0.4267942905426025
-0.5209391117095947
-0.5831648707389832
-0.4354157447814941
-0.2803284823894501
-0.0121424123644829
-0.1886187195777893
-0.2651258111000061
-0.2462046891450882
-0.3325178325176239
-0.3633510172367096
-0.4372584819793701
-0.4697369635105133
-0.3694057762622833
-0.2832571566104889
-0.0753224492073059
-0.2635791897773743
-0.2621642351150513
-0.1977995783090591
-0.1539684236049652
-0.1619317382574081
-0.1829588413238525
-0.2214262783527374
-0.1604509651660919
-0.1886187195777893
-0.1272814422845840
-0.3287994265556335
-0.2830268144607544
-0.2179382145404816
-0.1775293201208115
-0.1944102346897125
-0.2187608629465103
-0.2224463671445847
-0.1257677525281906
-0.1603193432092667
-0.1640706509351730
-0.3125437200069427
-0.3082659244537354
-0.2854947745800018
-0.2443619370460510
-0.2800981402397156
-0.2938200533390045
-0.3129386007785797
-0.2498572915792465
-0.3338340818881989
-0.3144522905349731
-0.3119843304157257
-0.3654240965843201
-0.3748023808002472
-0.3441995680332184
-0.4101108014583588
-0.4696711599826813
-0.5604924559593201
-0.5912598371505737
-0.6419683694839478
-0.4781280755996704
-0.3119514286518097
-0.4178108870983124
-0.4551265835762024
-0.4160010218620300
-0.4922777712345123
-0.6320306658744812
-0.8028800487518311
-0.8933722376823425
-0.9039022922515869
-0.5905687808990479
-0.3495962023735046
-0.5181092023849487
-0.5725361704826355
-0.5006359815597534
-0.5065590739250183
-0.6006051898002625
-0.8025838732719421
-0.9247977733612061
-0.9598758220672607
-0.6015265583992004
-0.3225472271442413
-0.5158057212829590
-0.5563462972640991
-0.5157070159912109
-0.4626950323581696
-0.5624009966850281
-0.7979769706726074
-0.9372034072875977
-0.9790601730346680
-0.5685215592384338
-0.3981000185012817
-0.6349922418594360
-0.6714524030685425
-0.7079783678054810
-0.6501620411872864
-0.7534548044204712
-1.0041347742080688
-1.1345423460006714
-1.1478693485260010
-0.6375918388366699
-0.4494996070861816
-0.6975470781326294
-0.7014629244804382
-0.7883354425430298
-0.7780687212944031
-0.9134780168533325
-1.1408603191375732
-1.2213819026947021
-1.1693242788314819
-0.6557890176773071
-0.3557496666908264
-0.5287708044052124
-0.5315349698066711
-0.6509847044944763
-0.7105779647827148
-0.8520420193672180
-1.0203905105590820
-1.0382914543151855
-0.9566839337348938
-0.5512787103652954
