4.9993090629577637
5.0081195831298828
4.9277563095092773
4.8160810470581055
5.0264539718627930
5.0887207984924316
4.8665609359741211
4.9227557182312012
4.7367892265319824
4.8148903846740723
4.6211853027343750
4.8735852241516113
4.9206128120422363
4.7288122177124023
4.7935791015625000
4.9257321357727051
4.8181047439575195
4.7669105529785156
4.8095326423645020
4.3698563575744629
4.7508378028869629
4.7701249122619629
5.0093097686767578
4.8292961120605469
4.8271532058715820
4.6992864608764648
4.6041598320007324
4.7653627395629883
4.8233432769775391
4.5347499847412109
4.7820305824279785
4.7415513992309570
4.9073972702026367
4.4974851608276367
4.1371006965637207
3.8110044002532959
3.9418478012084961
4.4205746650695801
4.9057307243347168
5.0114531517028809
4.6624979972839355
4.6246376037597656
4.3348536491394043
4.0589995384216309
4.0191154479980469
4.0622138977050781
4.2828259468078613
4.6258282661437988
5.0166916847229004
5.2158732414245605
4.5590376853942871
4.6688079833984375
4.3297343254089355
4.5130815505981445
5.0468130111694336
4.9799027442932129
4.9690690040588379
4.7429800033569336
4.9772834777832031
5.1820611953735352
4.4171218872070312
4.5883255004882812
3.9920897483825684
4.1421012878417969
4.4005732536315918
4.0953116416931152
3.9108929634094238
3.8529124259948730
4.5683240890502930
4.9018015861511230
4.1278142929077148
3.7836213111877441
3.3715662956237793
3.6209900379180908
3.9554202556610107
4.4823651313781738
4.6885714530944824
4.3637847900390625
4.3210434913635254
4.5633234977722168
4.0486416816711426
3.6147990226745605
4.0865015983581543
4.4911751747131348
5.0301446914672852
5.2349224090576172
4.9595441818237305
4.4124789237976074
4.4027161598205566
4.3924775123596191
5.1334862709045410
4.1142416000366211
3.9374425411224365
4.0672144889831543
4.2727060317993164
4.3279485702514648
4.2847309112548828
4.4511723518371582
4.4406952857971191
4.6998815536499023
3.9607589244842529
4.0277638435363770
4.1721525192260742
4.4680304527282715
4.1889038085937500
4.0927658081054688
3.9658570289611816
4.0135617256164551
3.6038844585418701
3.6694328784942627
3.8795518875122070
4.1830768585205078
4.1885395050048828
4.5284805297851562
4.2373366355895996
4.2420706748962402
4.1832590103149414
4.0343189239501953
3.8158242702484131
3.4625914096832275
3.9385452270507812
4.0825695991516113
4.3116245269775391
4.3706183433532715
4.3141736984252930
4.1461153030395508
3.9398198127746582
3.8881094455718994
3.7291548252105713
3.6257340908050537
4.1308202743530273
4.1224446296691895
4.1632304191589355
3.9674959182739258
3.9281668663024902
3.6175405979156494
3.3788352012634277
3.3078246116638184
3.5867691040039062
3.6991117000579834
3.7876019477844238
3.7063949108123779
3.3680925369262695
3.4400136470794678
3.6676120758056641
3.5514459609985352
3.5137555599212646
3.4547619819641113
3.8405869007110596
3.7947030067443848
3.9707732200622559
4.0428762435913086
3.6424853801727295
3.9314441680908203
4.3657021522521973
4.3393006324768066
4.2460761070251465
3.9718656539916992
4.0873036384582520
4.0135617256164551
4.1157078742980957
4.3108963966369629
3.8817367553710938
4.1861724853515625
4.3138093948364258
3.9518370628356934
3.7471804618835449
3.6685225963592529
4.1921811103820801
4.1486639976501465
4.0623588562011719
4.0703701972961426
3.6426672935485840
3.8531503677368164
3.9920763969421387
4.1676001548767090
4.0630869865417480
3.7865095138549805
3.8014400005340576
3.7196867465972900
3.9596664905548096
3.9458284378051758
4.1759757995605469
4.4609293937683105
4.5572490692138672
4.3323817253112793
3.9849753379821777
3.5108423233032227
3.5263190269470215
3.4549441337585449
4.3405752182006836
4.0235762596130371
3.7841424942016602
3.8992164134979248
3.8429539203643799
3.6044309139251709
3.2389988899230957
3.3003592491149902
3.4452939033508301
3.7125856876373291
-4.9931187629699707
-5.0007677078247070
-4.9162759780883789
-4.8030714988708496
-5.0130057334899902
-5.0740799903869629
-4.8504948616027832
-4.9121575355529785
-4.7223458290100098
-4.8030714988708496
-4.6139659881591797
-4.8600268363952637
-4.9022727012634277
-4.7119903564453125
-4.7797718048095703
-4.9145107269287109
-4.8063664436340332
-4.7605905532836914
-4.7937750816345215
-4.3610796928405762
-4.7342309951782227
-4.7511763572692871
-4.9888820648193359
-4.8088378906250000
-4.8063664436340332
-4.6779818534851074
-4.5834879875183105
-4.7464694976806641
-4.7989530563354492
-4.5179419517517090
-4.7611789703369141
-4.7184624671936035
-4.8856801986694336
-4.4738135337829590
-4.1161956787109375
-3.7909386157989502
-3.9203824996948242
-4.3940291404724121
-4.8761487007141113
-4.9947662353515625
-4.6386780738830566
-4.6017274856567383
-4.3135385513305664
-4.0320572853088379
-3.9921648502349854
-4.0331163406372070
-4.2545828819274902
-4.5936079025268555
-4.9861755371093750
-5.2011699676513672
-4.5375938415527344
-4.6445617675781250
-4.3115382194519043
-4.4881701469421387
-5.0199489593505859
-4.9518141746520996
-4.9421648979187012
-4.7138729095458984
-4.9528732299804688
-5.1738691329956055
-4.3994421958923340
-4.5708966255187988
-3.9789850711822510
-4.1217265129089355
-4.3814377784729004
-4.0751266479492188
-3.8888452053070068
-3.8313014507293701
-4.5519504547119141
-4.9008603096008301
-4.1116061210632324
-3.7666974067687988
-3.3589491844177246
-3.5998325347900391
-3.9415640830993652
-4.4692239761352539
-4.6731572151184082
-4.3549604415893555
-4.3135385513305664
-4.5665426254272461
-4.0329985618591309
-3.6028921604156494
-4.0730085372924805
-4.4724016189575195
-5.0152416229248047
-5.2191743850708008
-4.9415764808654785
-4.4032077789306641
-4.3953237533569336
-4.3996777534484863
-5.1087942123413086
-4.0980734825134277
-3.9256777763366699
-4.0520620346069336
-4.2623496055603027
-4.3144798278808594
-4.2659974098205566
-4.4375691413879395
-4.4254484176635742
-4.6961040496826172
-3.9530100822448730
-4.0062942504882812
-4.1470508575439453
-4.4358386993408203
-4.1565074920654297
-4.0619421005249023
-3.9402801990509033
-3.9935641288757324
-3.5916616916656494
-3.6658589839935303
-3.8675377368927002
-4.1610536575317383
-4.1617813110351562
-4.4953055381774902
-4.2036080360412598
-4.2083363533020020
-4.1550526618957520
-4.0104765892028809
-3.7964317798614502
-3.4547238349914551
-3.9208216667175293
-4.0555772781372070
-4.2834429740905762
-4.3425464630126953
-4.2879896163940430
-4.1201362609863281
-3.9160933494567871
-3.8633549213409424
-3.7029578685760498
-3.6133027076721191
-4.1124982833862305
-4.0988588333129883
-4.1430501937866211
-3.9490094184875488
-3.9091827869415283
-3.5992996692657471
-3.3601586818695068
-3.2846882343292236
-3.5551085472106934
-3.6804075241088867
-3.7709720134735107
-3.6867725849151611
-3.3532481193542480
-3.4225354194641113
-3.6449456214904785
-3.5281939506530762
-3.4918224811553955
-3.4265360832214355
-3.8031606674194336
-3.7729723453521729
-3.9553742408752441
-4.0213880538940430
-3.6254870891571045
-3.9106376171112061
-4.3392729759216309
-4.3105397224426270
-4.2157926559448242
-3.9328241348266602
-4.0430288314819336
-3.9837439060211182
-4.0917663574218750
-4.2770781517028809
-3.8449876308441162
-4.1439590454101562
-4.2663483619689941
-3.9059092998504639
-3.6964108943939209
-3.6120295524597168
-4.1308655738830566
-4.1108613014221191
-4.0328450202941895
-4.0306630134582520
-3.5958445072174072
-3.7980685234069824
-3.9384615421295166
-4.1143164634704590
-4.0142955780029297
-3.7382378578186035
-3.7482399940490723
-3.6873180866241455
-3.9302780628204346
-3.9106376171112061
-4.1290469169616699
-4.4080147743225098
-4.5047621726989746
-4.2903537750244141
-3.9550106525421143
-3.4841847419738770
-3.4878218173980713
-3.4312644004821777
-4.3270883560180664
-4.0064759254455566
-3.7600605487823486
-3.8693561553955078
-3.8162541389465332
-3.5843875408172607
-3.2237663269042969
-3.2855975627899170
-3.4196257591247559
-3.6975021362304688
