-0.0318416468799114
-0.0241631418466568
-0.0263826139271259
0.0035551311448216
0.0170776806771755
0.0332564786076546
0.0173285454511642
0.0418324172496796
0.0173262320458889
0.0584747232496738
-0.0526894740760326
-0.0485459677875042
-0.0434533916413784
-0.0264265239238739
-0.0024399943649769
0.0335917472839355
0.0357847139239311
0.0340416356921196
0.0250159725546837
0.0517331622540951
-0.0746344476938248
-0.0637900084257126
-0.0428011342883110
0.0092716822400689
-0.0193639099597931
0.0039683301001787
-0.0131304003298283
0.0257339961826801
0.0308576393872499
0.0613861083984375
-0.0637790113687515
-0.0654705911874771
-0.0423563160002232
-0.0211930014193058
-0.0534571893513203
-0.0471428371965885
-0.0683249235153198
0.0051207216456532
0.0068783843889832
0.0825096070766449
-0.0774680674076080
-0.0609971769154072
-0.0455650426447392
-0.0090249888598919
-0.0613917596638203
-0.0760284811258316
-0.0645201206207275
0.0004064720124006
0.0104857375845313
0.1135772317647934
-0.0922166109085083
-0.0579041205346584
-0.0299404188990593
-0.0004518236964941
-0.0358741171658039
-0.0341930948197842
-0.0835424363613129
-0.0511531569063663
-0.0108605567365885
0.1262060999870300
-0.1039694100618362
-0.0783807039260864
0.0026272302493453
0.0331905856728554
-0.0135691389441490
-0.0358169898390770
-0.0636962503194809
-0.0564724095165730
0.0030876938253641
0.1453178226947784
-0.1390720903873444
-0.0497651435434818
0.0345707051455975
0.0531397499144077
0.0231219734996557
-0.0203413516283035
-0.0367970652878284
-0.0299879759550095
0.0188898313790560
0.1471573859453201
-0.1190832853317261
-0.0079921688884497
0.0797657519578934
0.0469313859939575
0.0204257592558861
-0.0218549221754074
-0.0173513814806938
-0.0254553332924843
0.0255710072815418
0.1559846401214600
-0.0548160038888454
-0.0109214633703232
0.0515198595821857
0.0159443672746420
0.0236857868731022
0.0100612677633762
0.0068845711648464
-0.0279974490404129
0.0145448623225093
0.0984439104795456
0.0825357884168625
0.0751211643218994
0.0934571623802185
0.0778889954090118
0.0739960521459579
0.0734620839357376
0.0870103985071182
0.0449763424694538
0.0054913312196732
0.0149370096623898
0.0617934055626392
0.0643245130777359
0.0773881077766418
0.0726830363273621
0.0242973379790783
0.0195324867963791
0.0291297733783722
0.0158975981175900
-0.0325421132147312
-0.0250050015747547
0.0261583924293518
0.0213645547628403
0.0348694659769535
0.0345763452351093
-0.0008949507027864
-0.0445671379566193
-0.0245919264853001
-0.0402001105248928
-0.0528479442000389
-0.0255640782415867
-0.0013330951333046
-0.0318633578717709
-0.0154234003275633
-0.0103369690477848
-0.0458560883998871
-0.0972032397985458
-0.1012153178453445
-0.0948907583951950
-0.0753220617771149
-0.0365557372570038
-0.0040533319115639
-0.0325550921261311
-0.0435859039425850
-0.0410527251660824
-0.0592500008642673
-0.0807512849569321
-0.0785683095455170
-0.0635070800781250
-0.0665429234504700
-0.0413187965750694
0.0073811262845993
-0.0319670997560024
-0.0550083220005035
-0.0499730110168457
-0.0495269075036049
-0.0622168853878975
-0.0447954237461090
-0.0360811278223991
-0.0480147972702980
-0.0442325249314308
-0.0305226407945156
-0.0820485502481461
-0.0673847943544388
-0.0483365431427956
-0.0047900341451168
-0.0013059601187706
-0.0093558747321367
-0.0278972741216421
-0.0294942222535610
-0.0190258212387562
-0.0213910955935717
-0.0515808984637260
-0.0140607133507729
-0.0281743444502354
-0.0183311421424150
-0.0219982080161572
-0.0376322865486145
-0.0576406046748161
-0.0423432998359203
-0.0404328331351280
-0.0380123592913151
-0.0695091634988785
-0.0281144864857197
-0.0460366383194923
-0.0298729129135609
-0.0557439625263214
-0.0797999948263168
-0.1004768162965775
-0.0753523707389832
-0.0438101626932621
-0.0373451001942158
-0.0445413067936897
-0.0372158326208591
-0.0575416013598442
-0.0802854970097542
-0.1008598655462265
-0.1088147312402725
-0.1091872155666351
-0.0702496692538261
-0.0436161383986473
-0.1616681069135666
-0.2215726822614670
-0.1874782741069794
-0.1353092342615128
-0.1464254856109619
-0.2074282765388489
-0.1967755258083344
-0.1809468269348145
-0.1707808375358582
-0.0866509526968002
-0.2154318690299988
-0.2406544983386993
-0.2272977828979492
-0.1908400058746338
-0.1820547282695770
-0.2299567312002182
-0.1851803660392761
-0.1632703840732574
-0.1377642005681992
-0.0990398526191711
-0.2119144201278687
-0.2514551579952240
-0.2501304149627686
-0.2242127954959869
-0.2120178043842316
-0.1981728672981262
-0.0948198139667511
-0.0876570045948029
-0.1506098210811615
-0.0710818767547607
-0.2173970341682434
-0.2871653139591217
-0.3049090206623077
-0.2439667880535126
-0.2209478318691254
-0.2018091976642609
-0.1441240161657333
-0.1491452455520630
-0.1500133872032166
-0.0652779936790466
-0.1842492073774338
-0.2745189070701599
-0.3089708983898163
-0.2556701898574829
-0.2409825772047043
-0.1835305988788605
-0.1567787081003189
-0.1498660892248154
-0.1648400574922562
-0.0956145823001862
-0.1742256134748459
-0.2497608661651611
-0.2421188801527023
-0.1943492591381073
-0.1794143021106720
-0.1340515464544296
-0.1822018325328827
-0.1499853432178497
-0.1623724400997162
-0.1354052275419235
-0.1456180959939957
-0.1754312962293625
-0.1585506349802017
-0.1484020948410034
-0.1389642208814621
-0.1086228340864182
-0.1333364397287369
-0.1348780095577240
-0.1428676843643188
-0.1468585133552551
-0.1586404144763947
-0.1458209455013275
-0.1208287626504898
-0.1058649271726608
-0.1131989657878876
-0.0894404351711273
-0.0475411862134933
-0.0437590181827545
-0.0712161809206009
-0.1266410052776337
-0.1289259493350983
-0.1250071078538895
-0.0791620612144470
-0.0767214447259903
-0.0573551356792450
-0.0253767371177673
0.0412110984325409
-0.0088270902633667
-0.0632924735546112
-0.1442038416862488
-0.0395556092262268
-0.0808173716068268
-0.0861740112304688
-0.0940692126750946
-0.0922645330429077
-0.0390411317348480
0.0097957253456116
-0.0438328683376312
-0.0902806371450424
-0.0465601384639740
0.0677241981029510
0.0654350668191910
0.0629429966211319
0.1123657226562500
0.0750129967927933
-0.0025146678090096
0.0578867346048355
0.0698040276765823
0.1267732530832291
0.1066666245460510
0.0987217575311661
0.0770401358604431
0.0797053426504135
0.1368143260478973
0.1092687398195267
0.0037825480103493
0.0915727913379669
0.0805566161870956
0.1634349077939987
0.1289348155260086
0.0958781093358994
0.1069822013378143
0.0942970663309097
0.1416786909103394
0.0940330028533936
0.0314195230603218
0.1105202585458755
0.1297041177749634
0.1311829984188080
0.1072038561105728
0.0680540204048157
0.0705235451459885
0.0250099152326584
0.0487091392278671
0.0390817075967789
0.0233665928244591
0.0680459141731262
0.0675622671842575
0.0356541797518730
0.0538937747478485
0.0845995098352432
0.0732259899377823
-0.0152512192726135
0.0267073214054108
0.0211379453539848
0.0173108577728271
0.0435103327035904
0.0067669749259949
0.0077827200293541
0.0217016711831093
0.0741477906703949
0.0687547475099564
0.0072000622749329
0.0200984254479408
0.0296739190816879
0.0479091256856918
0.0381015390157700
0.0400087684392929
0.0553750842809677
0.0365544334053993
0.1082490980625153
0.1300327181816101
0.0617463737726212
0.0705908089876175
0.0343227237462997
0.0609779506921768
0.0447968095541000
0.0431234538555145
0.0596100538969040
0.0602340251207352
0.1303135454654694
0.1896097511053085
0.1295085847377777
0.1186526566743851
0.0635452121496201
0.0663587450981140
0.1132504492998123
0.1619427651166916
0.1618708521127701
0.1116618216037750
0.1373365521430969
0.1804894357919693
0.1777373403310776
0.1130811423063278
0.0321424603462219
0.0418301820755005
0.1133411526679993
0.2171250134706497
0.1802572757005692
0.1283703446388245
0.1732456237077713
0.2187129706144333
0.2064956873655319
0.1460578590631485
0.0871992558240891
0.0619171559810638
0.0771467536687851
0.1351832598447800
0.1221617609262466
0.1691872924566269
0.0033855140209198
-0.0292391516268253
-0.0730234831571579
-0.0379353351891041
-0.0220913626253605
-0.0289659276604652
0.0234214551746845
0.0243971571326256
0.0153394080698490
0.0177531987428665
-0.0128005351871252
-0.0408150181174278
-0.1063131242990494
-0.0457993522286415
-0.0125718712806702
-0.0233243405818939
0.0268862619996071
0.0350599251687527
0.0196568779647350
0.0179137475788593
-0.0395382344722748
-0.0783677697181702
-0.1152110993862152
-0.0284760482609272
-0.0440214201807976
-0.0695985853672028
-0.0330287367105484
0.0111785195767879
0.0230112187564373
0.0303900502622128
-0.0392974764108658
-0.0767351388931274
-0.1163639277219772
-0.0586458370089531
-0.0869770273566246
-0.1284225285053253
-0.0995003730058670
-0.0551185160875320
-0.0392116345465183
0.0213175304234028
-0.0519044175744057
-0.0676759332418442
-0.0835927650332451
-0.0563602000474930
-0.1116139441728592
-0.1458329111337662
-0.1461809724569321
-0.0793256461620331
-0.0585221797227859
0.0304220058023930
-0.0669636875391006
-0.0740360170602798
-0.0535042136907578
-0.0360811464488506
-0.0957396775484085
-0.1197691261768341
-0.1779232323169708
-0.1602702587842941
-0.1078068464994431
0.0264609269797802
-0.0907431542873383
-0.1046339571475983
-0.0185239166021347
-0.0003653019666672
-0.0753782466053963
-0.1212977617979050
-0.1677281707525253
-0.1744832098484039
-0.1129949390888214
0.0246173292398453
-0.1256112307310104
-0.0970812886953354
-0.0334629900753498
-0.0083110556006432
-0.0579789802432060
-0.1330858767032623
-0.1803892403841019
-0.1785010397434235
-0.1312471628189087
-0.0029437616467476
-0.1222916543483734
-0.0527965500950813
0.0061939656734467
-0.0381176434457302
-0.0712852180004120
-0.1215942054986954
-0.1106083989143372
-0.0999836772680283
-0.0854844674468040
0.0195217467844486
-0.0673671886324883
-0.0382199734449387
0.0098517127335072
-0.0220274999737740
-0.0225731767714024
-0.0455561168491840
-0.0482035651803017
-0.0584751889109612
-0.0402779951691628
0.0239700339734554
0.1049063801765442
0.1209438294172287
0.1055142283439636
0.0878111273050308
0.0997263193130493
0.1068613082170486
0.0993262231349945
0.0786174684762955
0.0422906838357449
0.0427538640797138
0.0756233483552933
0.0791842639446259
0.0524304844439030
0.0452377535402775
0.0191404484212399
0.0211498327553272
0.0163567550480366
0.0086051113903522
-0.0239404160529375
-0.0201480351388454
0.0512019880115986
0.0489620454609394
0.0017280690371990
-0.0230148732662201
-0.0609514228999615
-0.0685955435037613
-0.0738311409950256
-0.0837949961423874
-0.0829658508300781
-0.0693322867155075
0.0190124921500683
0.0058668293058872
-0.0325435101985931
-0.0418710336089134
-0.0623895712196827
-0.1044167876243591
-0.1007603704929352
-0.1071651428937912
-0.1021053642034531
-0.0757531374692917
-0.0365618504583836
-0.0593472868204117
-0.0866985321044922
-0.0689380019903183
-0.0495454296469688
-0.0550249665975571
-0.0516329333186150
-0.0595095865428448
-0.0507356226444244
-0.0444990657269955
-0.0575666092336178
-0.0607285685837269
-0.0854488462209702
-0.0681731104850769
-0.0353199355304241
-0.0235353037714958
-0.0057338066399097
-0.0236689541488886
-0.0219582468271255
-0.0220661275088787
-0.0870003104209900
-0.0747150778770447
-0.0856502354145050
-0.0914446711540222
-0.0793358460068703
-0.0246531665325165
0.0388767085969448
0.0266700275242329
0.0187700018286705
0.0030356235802174
-0.0666408389806747
-0.0283915176987648
-0.0214065350592136
-0.0505770556628704
-0.0760324373841286
-0.0208668820559978
0.0309055261313915
0.0239645875990391
0.0264895036816597
-0.0036346204578876
-0.0423595532774925
-0.0087544117122889
0.0041793398559093
-0.0273878518491983
-0.0526462569832802
-0.0332050547003746
-0.0211904682219028
-0.0038140639662743
0.0229166410863400
-0.0166178513318300
-0.0104777049273252
0.0078760571777821
-0.0120971426367760
-0.0325525104999542
-0.0623632408678532
-0.0444014072418213
-0.0198130533099174
0.0113002061843872
0.0438183061778545
0.0199012123048306
-0.1322209537029266
-0.2022317647933960
-0.1953455507755280
-0.2322045266628265
-0.2048627734184265
-0.1778272688388824
-0.1927658319473267
-0.1767523288726807
-0.2159161567687988
-0.2073663771152496
-0.2106383740901947
-0.2437443137168884
-0.2719489037990570
-0.3306291699409485
-0.3047260046005249
-0.2746691703796387
-0.2754357457160950
-0.2164944410324097
-0.2369692325592041
-0.2033110260963440
-0.2136510014533997
-0.2533411085605621
-0.2559767365455627
-0.2920103669166565
-0.2755846381187439
-0.2645858824253082
-0.2328803539276123
-0.2177959680557251
-0.2081891000270844
-0.1518673300743103
-0.2307317852973938
-0.2831542193889618
-0.2678824365139008
-0.2313576638698578
-0.2034378945827484
-0.1853901147842407
-0.1563892960548401
-0.1776976883411407
-0.1380543112754822
-0.0877045467495918
-0.2276781201362610
-0.3115411996841431
-0.2502409517765045
-0.2077890634536743
-0.1706524789333344
-0.1653940677642822
-0.1820820271968842
-0.1977148652076721
-0.1793444156646729
-0.1106909736990929
-0.1884839534759521
-0.2756006717681885
-0.2080521285533905
-0.1849722862243652
-0.2160329818725586
-0.1888864636421204
-0.2190478742122650
-0.2248418927192688
-0.2169359624385834
-0.1448707282543182
-0.1784308254718781
-0.2234430015087128
-0.1527290940284729
-0.1617265045642853
-0.1652676761150360
-0.1559835970401764
-0.1750254929065704
-0.2009469568729401
-0.1942482590675354
-0.1242097541689873
-0.1494150161743164
-0.1844384074211121
-0.1631734669208527
-0.1701929271221161
-0.1333633959293365
-0.1201954260468483
-0.1671521067619324
-0.2201870977878571
-0.2154101729393005
-0.1186603829264641
-0.1612362563610077
-0.2099195718765259
-0.2081609070301056
-0.2018998563289642
-0.0867955163121223
-0.0190246328711510
0.0010554790496826
-0.0851021632552147
-0.0931964740157127
-0.0641932561993599
-0.1370607316493988
-0.1759283542633057
-0.1842812299728394
-0.1702072322368622
-0.0621668472886086
0.0296156927943230
0.0479897372424603
-0.0344792380928993
-0.0849524959921837
-0.0792298093438148
0.1469373106956482
0.0923335850238800
0.0273167341947556
-0.0060887932777405
0.0122690051794052
0.0231551080942154
0.0843532234430313
0.0474338531494141
0.0329096168279648
0.0040821433067322
0.1283385455608368
0.0525958240032196
-0.0205023735761642
-0.0349607914686203
-0.0473088473081589
-0.0904934257268906
-0.0195146352052689
-0.0375162810087204
-0.0162821859121323
0.0141910016536713
0.1289285123348236
0.0995701551437378
0.0551763027906418
0.0578699558973312
0.0090246349573135
-0.0873084515333176
-0.0720806866884232
-0.0650497823953629
-0.0045368522405624
0.0355215817689896
0.1260680854320526
0.1273406744003296
0.1292816400527954
0.1224878728389740
0.0958346724510193
0.0161238014698029
0.0450168699026108
0.0607275962829590
0.0789960473775864
0.1135320663452148
0.1159778535366058
0.1139511987566948
0.1452099978923798
0.1594900786876678
0.1678136289119720
0.0408540219068527
0.0350110530853271
0.0339935272932053
0.0975962281227112
0.1317076236009598
0.1448606848716736
0.1248794123530388
0.1200152635574341
0.0845151543617249
0.0840152055025101
0.0061466097831726
0.0193648785352707
0.0435809493064880
0.1274240016937256
0.1505273580551147
0.1494661271572113
0.1496831774711609
0.0913413912057877
0.0342326313257217
0.0224714130163193
0.0492036789655685
0.1009379476308823
0.1397325247526169
0.1802822649478912
0.1854584366083145
0.2015818506479263
0.1621661037206650
0.0388185679912567
0.0062487423419952
0.0538464933633804
0.0956042855978012
0.1189150363206863
0.1769597977399826
0.2064303159713745
0.2247138619422913
0.1915749162435532
0.1471950113773346
0.0531261861324310
0.0100617110729218
0.0413329750299454
0.1030449867248535
0.1587290465831757
0.2779299914836884
0.2810592651367188
0.2529559731483459
0.1336114704608917
0.1719150692224503
0.1236803457140923
0.0990070402622223
0.1768569350242615
0.1695265769958496
0.1752190291881561
0.2531440556049347
0.2344414889812469
0.2084699869155884
