-0.1091656386852264
-0.0814194530248642
-0.0640381276607513
-0.0783889517188072
-0.1115103587508202
-0.1493093371391296
-0.1668586879968643
-0.2123709768056870
-0.2599709630012512
-0.2583642005920410
-0.1402522623538971
-0.1121923625469208
-0.0889412313699722
-0.1292790174484253
-0.1765933930873871
-0.2438260018825531
-0.2495644390583038
-0.2810583412647247
-0.2904455065727234
-0.2918190956115723
-0.1411905884742737
-0.1293123215436935
-0.1726767122745514
-0.2175961732864380
-0.2571959793567657
-0.3034657239913940
-0.3170028328895569
-0.2806590199470520
-0.2420971095561981
-0.2647560834884644
-0.1903074830770493
-0.1797278225421906
-0.2127567529678345
-0.2337506413459778
-0.2724293470382690
-0.3272173702716827
-0.3406758308410645
-0.2888642847537994
-0.1882432401180267
-0.2309249490499496
-0.2058048099279404
-0.1834146082401276
-0.2157247066497803
-0.2514207065105438
-0.2643917798995972
-0.3058266639709473
-0.3429338335990906
-0.2952281534671783
-0.1248887255787849
-0.1867350935935974
-0.1889655590057373
-0.1674601137638092
-0.1441298723220825
-0.2008962929248810
-0.2348099797964096
-0.3095510601997375
-0.3356231749057770
-0.2154519408941269
-0.0539446100592613
-0.0957635194063187
-0.1468131840229034
-0.1551961898803711
-0.1282612085342407
-0.1825233399868011
-0.1790844053030014
-0.2302495241165161
-0.1901185214519501
-0.1273931860923767
-0.0124054104089737
-0.0222126394510269
-0.1207381486892700
-0.1830576807260513
-0.1197352260351181
-0.1386302560567856
-0.1382337808609009
-0.1385722160339355
-0.1162884458899498
-0.0896633118391037
-0.0307911187410355
0.0681630074977875
-0.2578321695327759
-0.1966339051723480
-0.0928987562656403
-0.0744666978716850
-0.0612199604511261
-0.0370030999183655
-0.0291337966918945
-0.0793526023626328
-0.0350281745195389
0.0595495998859406
-0.2499882429838181
-0.3153285384178162
-0.2279298156499863
-0.1729958206415176
-0.1334676593542099
-0.1003999263048172
-0.0554949268698692
-0.0876107662916183
-0.0208207219839096
0.0176318287849426
0.0496308058500290
0.0881030559539795
0.1432550996541977
0.1312221884727478
0.1227764487266541
0.1027047932147980
0.1029778569936752
0.0997021198272705
0.0721245259046555
0.0575643777847290
0.0858125537633896
0.1241429001092911
0.1473952978849411
0.1290409415960312
0.1177181452512741
0.1087174415588379
0.1432938277721405
0.1585727334022522
0.1251538693904877
0.0895062834024429
0.0925193130970001
0.1042254418134689
0.1258035004138947
0.1106120198965073
0.0855135619640350
0.0572126656770706
0.0679555833339691
0.0631383955478668
0.0488533377647400
0.0385262593626976
0.0128770694136620
-0.0121791921555996
-0.0020316094160080
-0.0015060603618622
-0.0126586593687534
-0.0221536979079247
-0.0174953341484070
-0.0490457862615585
-0.0443385876715183
-0.0282771140336990
-0.0875067859888077
-0.1203255131840706
-0.1303984820842743
-0.1212995052337646
-0.1393631696701050
-0.1349413543939590
-0.1267855912446976
-0.1174653470516205
-0.1084294170141220
-0.0867937505245209
-0.1620657294988632
-0.1946938335895538
-0.1517635583877563
-0.1423536986112595
-0.1408906579017639
-0.1628157794475555
-0.1565120518207550
-0.1810769140720367
-0.1161605641245842
-0.1288505792617798
-0.2550388574600220
-0.2827094197273254
-0.2758851647377014
-0.3059471249580383
-0.3060923218727112
-0.2866222262382507
-0.2276172041893005
-0.2172597944736481
-0.1987836807966232
-0.1853757947683334
-0.3096805512905121
-0.3626926839351654
-0.3167032003402710
-0.3048525452613831
-0.2693608403205872
-0.2317866235971451
-0.1988968104124069
-0.1300071924924850
-0.1803849637508392
-0.1691465377807617
-0.2848550677299500
-0.3207935094833374
-0.2780953943729401
-0.2557337582111359
-0.2197162061929703
-0.2141076475381851
-0.2266096472740173
-0.1643484085798264
-0.1205481290817261
-0.0883658528327942
-0.1734126806259155
-0.2078292667865753
-0.1455293446779251
-0.1672505736351013
-0.1911521404981613
-0.1970556676387787
-0.1905188858509064
-0.1604524850845337
-0.1682017892599106
-0.1496379077434540
0.1814128607511520
0.2017293274402618
0.2040652036666870
0.1733529567718506
0.1774229705333710
0.1527282297611237
0.1303284168243408
0.0220025107264519
-0.0019106566905975
0.0002500414848328
0.2170684039592743
0.2318391501903534
0.2350604534149170
0.1861386299133301
0.1636378765106201
0.1295392960309982
0.1039685606956482
0.0300071537494659
0.0416706576943398
0.0336574837565422
0.2662011086940765
0.2663971185684204
0.2206366658210754
0.1941619068384171
0.1534768044948578
0.1133908778429031
0.0883494094014168
0.0836703032255173
0.0954116359353065
0.0337674617767334
0.2262293100357056
0.2345183342695236
0.1867576092481613
0.1764746606349945
0.1375824809074402
0.0903173983097076
0.0548849478363991
0.0846875756978989
0.1760297715663910
0.0903921127319336
0.1979805827140808
0.2232514917850494
0.1634432226419449
0.1206446737051010
0.1041709184646606
0.0553975701332092
0.0045889765024185
0.0143619254231453
0.2027145773172379
0.1368943452835083
0.2001830041408539
0.2288630306720734
0.2369281351566315
0.1764300167560577
0.1236992031335831
0.0395574867725372
-0.0183538049459457
0.0826177299022675
0.2830373644828796
0.2545834779739380
0.2178357839584351
0.1868736743927002
0.1864592730998993
0.1154971420764923
0.0923490822315216
0.0576691478490829
0.0885501205921173
0.1534086614847183
0.3203163743019104
0.3336116969585419
0.2047029435634613
0.1596151590347290
0.2025380581617355
0.1610959470272064
0.1234770193696022
0.0966733098030090
0.0954999178647995
0.1372159719467163
0.2899510860443115
0.3940504491329193
-0.0093126147985458
0.0213709846138954
0.1136126369237900
0.0803548097610474
0.0463241264224052
0.0447629988193512
0.0785106718540192
0.1175928637385368
0.2118239998817444
0.3270184993743896
-0.0275449305772781
-0.1050379276275635
-0.0494889616966248
-0.0325022488832474
-0.0438277870416641
-0.0659064203500748
-0.0050086528062820
0.0259565562009811
0.1692513972520828
0.2511790394783020
0.0643341317772865
0.1132598891854286
0.1372614502906799
0.1398985981941223
0.1503453254699707
0.1443401873111725
0.1344444155693054
0.1149196997284889
0.0529599264264107
0.0409324988722801
0.1001723930239677
0.1440165340900421
0.1625490784645081
0.1546676754951477
0.1408248543739319
0.1327971816062927
0.1369757056236267
0.1512605845928192
0.0831215456128120
0.0692337229847908
0.0774010941386223
0.0874545350670815
0.0995447710156441
0.1031776294112206
0.0979769602417946
0.0660463348031044
0.0370445922017097
0.0523260608315468
0.0032820329070091
0.0171986445784569
0.0004819706082344
-0.0215038880705833
-0.0276762433350086
-0.0326456576585770
-0.0438087806105614
-0.0727713555097580
-0.1077917441725731
-0.0943739712238312
-0.1298711895942688
-0.0885502025485039
-0.1104085892438889
-0.1768146157264709
-0.1637764275074005
-0.1751001030206680
-0.1755523383617401
-0.1802366375923157
-0.2045990228652954
-0.1513956189155579
-0.1748699694871902
-0.1420516669750214
-0.1766469478607178
-0.2314311563968658
-0.1668215990066528
-0.1675736010074615
-0.1783347427845001
-0.1846465170383453
-0.1939634978771210
-0.1542292386293411
-0.1409667283296585
-0.1457361429929733
-0.2390458285808563
-0.2999264597892761
-0.2757082283496857
-0.3036307096481323
-0.2957511246204376
-0.2456743419170380
-0.2273463308811188
-0.2018105983734131
-0.2072144597768784
-0.1797443479299545
-0.2432718873023987
-0.2822927534580231
-0.2766740918159485
-0.3047430515289307
-0.3051561117172241
-0.2748881876468658
-0.2385463714599609
-0.1863179802894592
-0.2073396146297455
-0.1450365632772446
-0.2657648026943207
-0.2694669663906097
-0.2823383510112762
-0.2794500887393951
-0.2558665871620178
-0.2226370573043823
-0.2076508700847626
-0.1803464889526367
-0.1648300290107727
-0.1192230135202408
-0.1561499238014221
-0.1793826669454575
-0.1648290157318115
-0.1953533291816711
-0.1890803128480911
-0.1825127899646759
-0.1813568174839020
-0.1977749615907669
-0.2283433973789215
-0.1600723713636398
0.0627029389142990
0.0914934277534485
0.1535271853208542
0.1244981735944748
0.0619939304888248
-0.0111493151634932
-0.0462493374943733
-0.1654573380947113
-0.1920215785503387
-0.1969746053218842
0.0723594725131989
0.1183699518442154
0.1512031704187393
0.0785655826330185
-0.0004959553480148
-0.0750242322683334
-0.0877583026885986
-0.1718597859144211
-0.1493420153856277
-0.1899830102920532
0.1273749768733978
0.1537928134202957
0.0994697511196136
0.0203528366982937
-0.0664146244525909
-0.1246281713247299
-0.1367618143558502
-0.1229549199342728
-0.0523738078773022
-0.1580346971750259
0.0421143285930157
0.0481796450912952
0.0029880627989769
-0.0065661408007145
-0.0653954893350601
-0.1290861070156097
-0.1226841658353806
-0.0861785858869553
0.0909576416015625
-0.0556950829923153
0.0015221424400806
0.0399279408156872
-0.0339652262628078
-0.0597886703908443
-0.0840432643890381
-0.1523949503898621
-0.1767979562282562
-0.1639003902673721
0.1236497908830643
-0.0015577636659145
0.0189188830554485
0.0402259044349194
0.0480935610830784
-0.0128828175365925
-0.0580684654414654
-0.1778001636266708
-0.2181139737367630
-0.1026037633419037
0.1980407983064651
0.1203032433986664
0.0655892044305801
0.0565275810658932
0.0798060297966003
-0.0067229010164738
-0.0229318737983704
-0.1064346134662628
-0.0440261960029602
0.0049692541360855
0.2334572970867157
0.2078392952680588
0.0714025646448135
-0.0228811390697956
0.0967655926942825
0.0663073956966400
0.0187037438154221
0.0383285917341709
0.0574685893952847
0.0789634585380554
0.2095374912023544
0.3005654513835907
-0.1317518949508667
-0.0887922421097755
0.0721366107463837
0.0868851393461227
0.0739322602748871
0.0722288489341736
0.0548223741352558
0.0413005761802197
0.1720615923404694
0.2476171553134918
-0.1849061697721481
-0.2907872498035431
-0.1623531728982925
-0.1074096709489822
-0.1246072202920914
-0.1217194944620132
-0.0689361020922661
-0.0425769649446011
0.1523016095161438
0.1538472771644592
0.2821497023105621
0.3678995668888092
0.4101143479347229
0.4043602943420410
0.3996217846870422
0.3846524655818939
0.3616643548011780
0.3171527385711670
0.2569208741188049
0.2283202856779099
0.3470440506935120
0.4003358781337738
0.4157878756523132
0.3996106684207916
0.3893062472343445
0.3864161074161530
0.3884904384613037
0.3845795094966888
0.3192523717880249
0.3012158870697021
0.3712170422077179
0.3885981440544128
0.3965383172035217
0.3906623423099518
0.3685542345046997
0.3404969274997711
0.3301475644111633
0.3191767334938049
0.2516108453273773
0.2450005263090134
0.2706686854362488
0.2640848159790039
0.2592471837997437
0.2612370252609253
0.2449158281087875
0.2354071885347366
0.2086278945207596
0.1854490041732788
0.1496514230966568
0.1678016036748886
0.1513655781745911
0.1285191923379898
0.1143766939640045
0.1057057082653046
0.0853048413991928
0.0764766037464142
0.0650459751486778
0.0737516507506371
0.0534488633275032
0.0892255306243896
0.0633081719279289
0.0359038561582565
0.0697920024394989
0.0621759444475174
0.0513936057686806
0.0314984396100044
0.0287367999553680
0.0229476243257523
0.0798548758029938
0.0761026814579964
-0.0167100429534912
-0.0541441142559052
-0.0579162538051605
-0.1168591082096100
-0.1022259891033173
-0.0680243372917175
-0.0158007293939590
-0.0253985524177551
0.0019532367587090
0.0205222964286804
-0.0580004304647446
-0.0661339312791824
-0.0285970121622086
-0.0670274943113327
-0.0414185076951981
-0.0194661915302277
0.0069364011287689
0.0483816489577293
0.0431820973753929
0.0582849755883217
-0.1070820391178131
-0.0877797305583954
-0.0420446395874023
-0.0350079387426376
-0.0059898197650909
-0.0136383324861526
-0.0135330110788345
0.0533755198121071
0.0786219313740730
0.1252846717834473
-0.0235249400138855
-0.0224170684814453
0.0326102003455162
0.0089026689529419
0.0114805176854134
-0.0011173039674759
-0.0006377547979355
0.0295756906270981
0.0122437924146652
0.0475299060344696
-0.0784120112657547
-0.0863917395472527
-0.0501938611268997
-0.0297263562679291
-0.0704300552606583
-0.1191031783819199
-0.1311831474304199
-0.1533826887607574
-0.1871087849140167
-0.1975529789924622
-0.1090610697865486
-0.1003173291683197
-0.0887879803776741
-0.1069141849875450
-0.1471530944108963
-0.1891263425350189
-0.1687265336513519
-0.1757861673831940
-0.1673153340816498
-0.2080492228269577
-0.0780732259154320
-0.0688687190413475
-0.0953438133001328
-0.1431870162487030
-0.2081225961446762
-0.2404880225658417
-0.2097428590059280
-0.1777409464120865
-0.1046087369322777
-0.1751932203769684
-0.1263780146837234
-0.1154270768165588
-0.1278946995735168
-0.1399874389171600
-0.1818524599075317
-0.2077474445104599
-0.1678587645292282
-0.1574280112981796
-0.0036875009536743
-0.0910190343856812
-0.1230429187417030
-0.0762291103601456
-0.1289592087268829
-0.1405030637979507
-0.1852211058139801
-0.2138244956731796
-0.2112877070903778
-0.2096363604068756
0.0141172409057617
-0.0636431127786636
-0.1141203418374062
-0.0976662114262581
-0.0959316045045853
-0.1417742669582367
-0.1656038165092468
-0.2426654249429703
-0.2461225688457489
-0.2094573378562927
0.0384851694107056
-0.0162158608436584
-0.1253470331430435
-0.1060399711132050
-0.0930092036724091
-0.1385123431682587
-0.1539599299430847
-0.2159975618124008
-0.1257231831550598
-0.1101650148630142
0.0646883249282837
0.0210110843181610
-0.1785242557525635
-0.2481455653905869
-0.1412707865238190
-0.1043933480978012
-0.0504191815853119
-0.0118345990777016
-0.0065103918313980
0.0124278217554092
0.0505256354808807
0.0784904956817627
-0.2591405510902405
-0.2451829910278320
-0.0819769799709320
-0.0299304947257042
0.0191896557807922
0.0177409648895264
-0.0118332728743553
-0.0244166925549507
0.0659446865320206
0.1199860870838165
-0.2472052276134491
-0.3227635622024536
-0.1707929521799088
-0.1101481094956398
-0.0904604941606522
-0.0723220705986023
-0.0278730466961861
-0.0056535601615906
0.0954671800136566
0.0513460934162140
0.4728177189826965
0.5483284592628479
0.5930571556091309
0.5769137740135193
0.5471844077110291
0.5458288192749023
0.5365546941757202
0.5167726278305054
0.4960272312164307
0.4504207372665405
0.5140438079833984
0.5617566704750061
0.5861625075340271
0.5732237696647644
0.5703303813934326
0.5843913555145264
0.5997392535209656
0.5874468088150024
0.5455728173255920
0.5103518962860107
0.5366975069046021
0.5495913028717041
0.5689250826835632
0.5661531686782837
0.5459924936294556
0.5372698903083801
0.5389853119850159
0.5063337683677673
0.4701364636421204
0.4351651966571808
0.4549044966697693
0.4366316199302673
0.4546923637390137
0.4611212015151978
0.4475549459457397
0.4407588243484497
0.4232780337333679
0.3797930479049683
0.3882471919059753
0.3798151016235352
0.3529794812202454
0.3422396779060364
0.3214409351348877
0.3204432129859924
0.2830690741539001
0.2598451375961304
0.2447861731052399
0.2199152410030365
0.2529832422733307
0.2938613891601562
0.2826619744300842
0.2612473964691162
0.2863964140415192
0.2759771943092346
0.2405990958213806
0.1927305310964584
0.1806643009185791
0.1396464556455612
0.2298825085163116
0.2577696740627289
0.1916667222976685
0.1623554229736328
0.1356816589832306
0.0807849913835526
0.0634100586175919
0.0447328537702560
0.0903166010975838
0.0747789666056633
0.1557190418243408
0.2006831318140030
0.1028791666030884
0.0790851637721062
0.0947227030992508
0.0758426114916801
0.1068311110138893
0.1168876066803932
0.1297022104263306
0.1635521054267883
0.2009983062744141
0.2075350582599640
0.0653879046440125
0.0482012629508972
0.1099888086318970
0.1139673218131065
0.1362088769674301
0.1148784086108208
0.1271862387657166
0.1941515803337097
0.2430572807788849
0.2721304297447205
0.1491326689720154
0.1370865702629089
0.1854400038719177
0.1692152470350266
0.1529732048511505
0.1197819188237190
0.1307562589645386
0.1794239282608032
0.1975330412387848
0.2138992547988892
0.1353160440921783
0.1032663881778717
0.1322655081748962
0.1383675485849380
0.1320619583129883
0.0882471203804016
0.0682785212993622
-0.0042701661586761
-0.0179174840450287
-0.0049013048410416
0.1533105224370956
0.1357454806566238
0.1421644091606140
0.1267936080694199
0.1034485846757889
0.0799379423260689
0.0754937902092934
0.0290756300091743
0.0485315993428230
0.0229882672429085
0.2243019491434097
0.2187453508377075
0.1966330111026764
0.1706333756446838
0.1073810905218124
0.0785441324114799
0.0886762887239456
0.0718271210789680
0.1155353412032127
0.0364187136292458
0.1930608153343201
0.2045992612838745
0.1769980490207672
0.1788183450698853
0.1392696648836136
0.1218436658382416
0.1310483068227768
0.1086088120937347
0.2434760779142380
0.1376597881317139
0.1896288096904755
0.2397086322307587
0.1609413623809814
0.1420368254184723
0.1028433591127396
0.0710927471518517
0.0612140372395515
0.0126255527138710
0.2519484162330627
0.1726559251546860
0.1868863105773926
0.2153232544660568
0.2011935114860535
0.1548049747943878
0.1191048175096512
0.0342323184013367
-0.0010923817753792
0.0014194771647453
0.2806811332702637
0.2395113706588745
0.1560538113117218
0.1528353095054626
0.1418585777282715
0.0882444381713867
0.0506545603275299
-0.0021921023726463
0.0734762623906136
0.0855626016855240
0.3017939627170563
0.2850316762924194
0.0759511142969131
0.0088205263018608
0.0956958681344986
0.1235659793019295
0.1261762529611588
0.1301192343235016
0.1004814207553864
0.1345137357711792
0.2614376246929169
0.3047134280204773
-0.0603711903095245
-0.0853114873170853
0.0395576879382133
0.0470241010189056
0.0468254312872887
0.0266721546649933
0.0243657231330872
0.0757242888212204
0.2151371836662292
0.3083127140998840
-0.0786601155996323
-0.1785788983106613
-0.0663149654865265
-0.0412246435880661
-0.0601163506507874
-0.0749996751546860
-0.0134426653385162
0.0484930723905563
0.2158157825469971
0.2263303101062775
0.4823863506317139
0.5670625567436218
0.5901573300361633
0.5839130282402039
0.5680748820304871
0.5760846138000488
0.5585603117942810
0.5219312310218811
0.4740253090858459
0.4360581636428833
0.5213381052017212
0.5754481554031372
0.5973116159439087
0.5919622778892517
0.5851747989654541
0.5986164808273315
0.5909631252288818
0.5756589174270630
0.5082922577857971
0.4928673505783081
0.5225375294685364
0.5355131626129150
0.5468429327011108
0.5580803751945496
0.5520986318588257
0.5411312580108643
0.5122749209403992
0.4922193884849548
0.4277343451976776
0.4160719513893127
0.4452140927314758
0.4288654923439026
0.4334731698036194
0.4376981854438782
0.4222692847251892
0.4006918668746948
0.3528304696083069
0.3428173363208771
0.3182483017444611
0.3300332725048065
0.3361856639385223
0.2951368987560272
0.2936562299728394
0.2783596813678741
0.2548418343067169
0.2267710566520691
0.1870622634887695
0.1919285953044891
0.1991382241249084
0.2482479512691498
0.2723900973796844
0.2291971296072006
0.2740238308906555
0.2560309767723083
0.2114191949367523
0.1778443306684494
0.1517150551080704
0.1601756066083908
0.2113625705242157
0.2478641718626022
0.2050351649522781
0.1469718664884567
0.1402409970760345
0.0898688808083534
0.0787373483181000
0.0847104638814926
0.0977019667625427
0.0921155065298080
0.1572785675525665
0.2140213251113892
0.1590420752763748
0.1448598951101303
0.1348873078823090
0.0834336131811142
0.0817442014813423
0.0866092517971992
0.1059971749782562
0.1267558485269547
0.1900888085365295
0.2419387549161911
0.0873974859714508
0.0953182131052017
0.1139313653111458
0.1024680435657501
0.1142799630761147
0.1177388504147530
0.1550445407629013
0.1902600079774857
0.2198723107576370
0.2635749578475952
0.1676965057849884
0.1600516438484192
0.1752013713121414
0.1523469388484955
0.1586659401655197
0.1370460838079453
0.1467039436101913
0.1548717170953751
0.1576264053583145
0.2154726386070251
-0.1413670033216476
-0.1396099478006363
-0.0993153899908066
-0.0904218256473541
-0.1051261425018311
-0.1175359785556793
-0.1636722534894943
-0.1994476914405823
-0.2304601073265076
-0.2594727575778961
-0.1451460272073746
-0.1418035626411438
-0.1268550902605057
-0.1140644252300262
-0.1158876121044159
-0.1582231223583221
-0.2011068463325500
-0.2570742368698120
-0.3123140931129456
-0.3256950378417969
-0.1198287159204483
-0.1194247454404831
-0.1783292591571808
-0.1934008449316025
-0.1973035335540771
-0.2168667316436768
-0.2283474057912827
-0.2419493496417999
-0.2838594615459442
-0.2774458229541779
-0.0734254270792007
-0.0885070264339447
-0.1515122354030609
-0.1804811358451843
-0.2098942548036575
-0.2595716118812561
-0.3027076721191406
-0.2761173546314240
-0.2470224946737289
-0.2268413901329041
-0.0370354801416397
-0.0530887246131897
-0.1178568005561829
-0.1761597990989685
-0.2214152812957764
-0.3147684037685394
-0.3559283912181854
-0.3194738924503326
-0.1594610512256622
-0.1781471222639084
0.0068284273147583
-0.0124786496162415
-0.0623657554388046
-0.1233647912740707
-0.2035825252532959
-0.2604336440563202
-0.3249118030071259
-0.2315363883972168
-0.0384849756956100
-0.0640288591384888
-0.0264560878276825
-0.0302264988422394
-0.0331273525953293
-0.0868926793336868
-0.1371286958456039
-0.1848931014537811
-0.2080276012420654
-0.1708285510540009
0.0231837332248688
0.0247951745986938
-0.0806280821561813
-0.1073051095008850
-0.0300042182207108
-0.0881177186965942
-0.0612080544233322
-0.0548205077648163
-0.0342944860458374
-0.0764468610286713
-0.0585141181945801
0.0250178873538971
-0.2302582859992981
-0.1917486786842346
-0.0547660291194916
-0.0279254317283630
0.0335698425769806
0.0776919126510620
0.0726157724857330
-0.0054742097854614
-0.0937855988740921
-0.0505600422620773
-0.1633033752441406
-0.2184803336858749
-0.1072070300579071
-0.0343769639730453
0.0298096239566803
0.0691570341587067
0.0401194691658020
-0.0130825340747833
-0.0642531663179398
-0.0503812879323959
-0.0266498774290085
0.0622098892927170
0.1332049965858459
0.1097616553306580
0.1167079806327820
0.1158024668693542
0.1212711334228516
0.0975520312786102
0.1069091260433197
0.0793623626232147
0.0448926389217377
0.1501255035400391
0.1922763884067535
0.1837593913078308
0.1916694939136505
0.1691893935203552
0.1698842942714691
0.1571492850780487
0.1849108934402466
0.1533605456352234
0.1518985033035278
0.2111410498619080
0.2216363251209259
0.2244945168495178
0.2179938256740570
0.1953012943267822
0.1970254480838776
0.1696106195449829
0.1749124526977539
0.1579715013504028
0.1048889309167862
0.1418845653533936
0.1222388446331024
0.0981034487485886
0.0767585933208466
0.0779287219047546
0.0747483819723129
0.0518391430377960
0.0578411668539047
0.0543761551380157
-0.0002751946449280
-0.0064197182655334
-0.0630201920866966
-0.0792575776576996
-0.1049502566456795
-0.0957740321755409
-0.0794632360339165
-0.0647874921560287
-0.0648426190018654
-0.0479784682393074
-0.1242842376232147
-0.1477002352476120
-0.1773687303066254
-0.1833171248435974
-0.1799598485231400
-0.1979686021804810
-0.2017905265092850
-0.2040382027626038
-0.1596905738115311
-0.1472401022911072
-0.2595247030258179
-0.2767567634582520
-0.3107954561710358
-0.3489700555801392
-0.3633665442466736
-0.3652374148368835
-0.3130481243133545
-0.2631258070468903
-0.2722382545471191
-0.2242818474769592
-0.3520993590354919
-0.3928647935390472
-0.3695440888404846
-0.3654035627841949
-0.3520488739013672
-0.2999392151832581
-0.2318408340215683
-0.1783294677734375
-0.2506905794143677
-0.2067850232124329
-0.3257961869239807
-0.3562963008880615
-0.3180098533630371
-0.3060114085674286
-0.2326479256153107
-0.1665596514940262
-0.1524118781089783
-0.1369553655385971
-0.1898750066757202
-0.1473627090454102
-0.1504199206829071
-0.1786966323852539
-0.1512721776962280
-0.1753819584846497
-0.1553760617971420
-0.1194173246622086
-0.1042298302054405
-0.0837007164955139
-0.1154367402195930
-0.1055479794740677
0.1323997974395752
0.1292166262865067
0.1551590710878372
0.1262247562408447
0.1362942159175873
0.1207088455557823
0.0741895735263824
-0.0056573301553726
-0.0226660519838333
-0.0202967226505280
0.2094905972480774
0.2095199376344681
0.2043514251708984
0.1701803803443909
0.1580381989479065
0.1301077306270599
0.0776653513312340
0.0257288366556168
-0.0101889967918396
-0.0086576938629150
0.2595764398574829
0.2458588480949402
0.1873650103807449
0.1692909002304077
0.1484138369560242
0.1157907471060753
0.0869918465614319
0.0726160258054733
0.0233172476291656
0.0097342878580093
0.2576957046985626
0.2368010580539703
0.1671761125326157
0.1621037572622299
0.1452816426753998
0.0958842188119888
0.0311994999647141
0.0338623672723770
0.0491497069597244
0.0567680448293686
0.2593189477920532
0.2534848451614380
0.1735663264989853
0.1393119096755981
0.1126004606485367
0.0165711194276810
-0.0402042567729950
-0.0395386666059494
0.0923451334238052
0.0908730328083038
0.2493268549442291
0.2614991962909698
0.2165771722793579
0.1664951890707016
0.0798816382884979
-0.0027242600917816
-0.0687832385301590
0.0232038050889969
0.2115520983934402
0.1959048658609390
0.2099255025386810
0.2074430882930756
0.1806395053863525
0.1072343289852142
0.0429260432720184
0.0285886973142624
0.0024720430374146
0.0757210254669189
0.2720994353294373
0.2848354279994965
0.1479967832565308
0.1298354864120483
0.1773142963647842
0.0978086367249489
0.0788459628820419
0.0416503399610519
0.0445607006549835
0.0929242596030235
0.2031639516353607
0.3059250116348267
-0.0424979031085968
-0.0183273702859879
0.0825200527906418
0.0437054634094238
0.0059854388237000
-0.0202217847108841
0.0142064988613129
0.0901580303907394
0.1005422472953796
0.2024372667074203
-0.0158111602067947
-0.0330856293439865
0.0786793306469917
0.1009532883763313
0.0696608275175095
0.0235974639654160
0.0094559192657471
0.0470747798681259
0.0650906711816788
0.1283603012561798
-0.0087042897939682
0.0557588785886765
0.1105316877365112
0.1301245689392090
0.1686834692955017
0.1681919991970062
0.1488684415817261
0.1263971328735352
0.0972492992877960
0.0494779646396637
0.0655784606933594
0.1408933103084564
0.1784391999244690
0.2072655260562897
0.2293044030666351
0.2053253650665283
0.1678007543087006
0.1626304686069489
0.1377846598625183
0.1018248200416565
0.1214900612831116
0.1621325910091400
0.1737101674079895
0.1949144601821899
0.2048611342906952
0.1697559952735901
0.1417801082134247
0.1479595899581909
0.1159826219081879
0.1067837476730347
0.0931673049926758
0.1199067533016205
0.0817310512065887
0.0541162639856339
0.0318355709314346
0.0194472968578339
-0.0154807716608047
0.0110954791307449
-0.0100023001432419
0.0058227181434631
-0.0310844331979752
-0.0653446838259697
-0.0872585177421570
-0.1166410222649574
-0.1164633110165596
-0.1181248426437378
-0.1349058896303177
-0.0727619454264641
-0.0768942236900330
-0.0679788291454315
-0.1441537141799927
-0.1827683895826340
-0.1610601693391800
-0.1657763421535492
-0.1657217592000961
-0.1635726988315582
-0.1916574388742447
-0.1455314159393311
-0.1152274161577225
-0.1025112271308899
-0.2696877419948578
-0.3099655508995056
-0.2863599956035614
-0.2983560562133789
-0.3069965243339539
-0.2523776292800903
-0.2355551868677139
-0.1969131529331207
-0.1805004477500916
-0.1612520515918732
-0.3210087418556213
-0.3593639731407166
-0.3309882879257202
-0.3371169567108154
-0.3299408555030823
-0.2554150223731995
-0.2273498922586441
-0.1863520145416260
-0.2036242783069611
-0.1537044495344162
-0.2991194725036621
-0.3585772514343262
-0.3572076857089996
-0.3264417648315430
-0.2287041693925858
-0.1439506709575653
-0.1460581570863724
-0.1477927118539810
-0.1972001791000366
-0.1793285906314850
-0.1221270412206650
-0.1892421543598175
-0.1794377118349075
-0.1984171122312546
-0.1491267532110214
-0.1050167530775070
-0.1243436709046364
-0.1214242503046989
-0.1441524624824524
-0.1178622692823410
-0.0054708197712898
-0.0025435611605644
0.0897604748606682
0.0718477740883827
0.0154655352234840
-0.0193043742328882
-0.0853298306465149
-0.1850907504558563
-0.1677768379449844
-0.2010558545589447
0.0597698464989662
0.0772700607776642
0.1103609651327133
0.0765335187315941
0.0262529477477074
-0.0131003446877003
-0.0757776945829391
-0.1809531897306442
-0.1835824102163315
-0.2208458781242371
0.1444541513919830
0.1518782824277878
0.0882817283272743
0.0461322292685509
-0.0050840396434069
-0.0344977378845215
-0.0527515113353729
-0.1005920469760895
-0.1075955331325531
-0.1670830845832825
0.1618550270795822
0.1245429366827011
0.0443022772669792
0.0379047133028507
-0.0013471506536007
-0.0618771053850651
-0.1061763316392899
-0.1133979111909866
-0.0324948504567146
-0.0883445888757706
0.1773676276206970
0.1765770465135574
0.0531051382422447
0.0247447118163109
-0.0470299236476421
-0.1887698173522949
-0.2336437553167343
-0.2451043725013733
0.0040065515786409
-0.0575012788176537
0.2014250010251999
0.2057521045207977
0.0963282659649849
0.0416232645511627
-0.0904243066906929
-0.2002590596675873
-0.2619516551494598
-0.1786960363388062
0.1300234198570251
0.0421405136585236
0.1540767401456833
0.1926357597112656
0.1397516131401062
0.0438886061310768
-0.0615489147603512
-0.1258679926395416
-0.1192236915230751
-0.0732668489217758
0.2102115452289581
0.1457192897796631
0.0909921750426292
0.0660676509141922
0.1671559363603592
0.0836108848452568
0.0740339532494545
0.1052387803792953
0.1319153755903244
0.0973124727606773
0.1518094092607498
0.1624918729066849
-0.0981763899326324
-0.0427362546324730
0.1428147703409195
0.1544624567031860
0.1610435545444489
0.1786606907844543
0.1601194888353348
0.1447334736585617
0.0867886468768120
0.0575495958328247
-0.0882969126105309
-0.0894193127751350
0.0749268904328346
0.1382702887058258
0.1287094503641129
0.1423954218626022
0.0936676859855652
0.0932855457067490
0.0746055841445923
0.0028501134365797
0.2133185416460037
0.3407520055770874
0.4074156880378723
0.4175557494163513
0.4304152727127075
0.4121172428131104
0.3799419999122620
0.3262265324592590
0.2759003639221191
0.2322473824024200
0.3137407898902893
0.4236900806427002
0.4582640528678894
0.4671598672866821
0.4646667838096619
0.4363188743591309
0.4056003689765930
0.3973681926727295
0.3639378547668457
0.3498548269271851
0.4113635420799255
0.4860949516296387
0.4810139536857605
0.4852945208549500
0.4760448932647705
0.4443213939666748
0.4277635812759399
0.4167100787162781
0.3658334612846375
0.3671924471855164
0.3242367506027222
0.3819151520729065
0.3388743698596954
0.3306710124015808
0.3128975629806519
0.3122247159481049
0.2776698768138885
0.2602471709251404
0.2264371216297150
0.2386410534381866
0.1837669759988785
0.1800794750452042
0.1263562142848969
0.1159379482269287
0.1051919609308243
0.1098922342061996
0.1071959286928177
0.1262902915477753
0.0907713472843170
0.1012079641222954
0.0347390025854111
0.0101680606603622
-0.0092304646968842
-0.0172952264547348
-0.0237203687429428
-0.0233818739652634
-0.0144366472959518
0.0089672505855560
0.0426058620214462
0.0344993472099304
-0.0799944251775742
-0.1012359559535980
-0.1160034388303757
-0.1660189777612686
-0.1659440547227859
-0.0970098227262497
-0.0263367146253586
-0.0020635575056076
-0.0112043023109436
-0.0247722268104553
-0.1348663419485092
-0.1307166069746017
-0.0905621647834778
-0.1125829666852951
-0.0874430090188980
-0.0243868380784988
0.0302116051316261
0.0774458646774292
0.0536071062088013
0.0350939705967903
-0.1394222825765610
-0.1090842485427856
-0.0720083415508270
-0.0499746799468994
0.0345264598727226
0.0741871371865273
0.0877461433410645
0.1185799315571785
0.0835948884487152
0.0761069431900978
-0.0245745480060577
0.0084647834300995
0.0729017555713654
0.0615126937627792
0.1128729879856110
0.1262782812118530
0.1138859912753105
0.1292361319065094
0.0928416028618813
0.0643008947372437
-0.1007929816842079
-0.1702823936939240
-0.1301382482051849
-0.0628390610218048
-0.0944248586893082
-0.1160261929035187
-0.1401458084583282
-0.1666207611560822
-0.1745081394910812
-0.2016929686069489
-0.1061445325613022
-0.1268838047981262
-0.1245021745562553
-0.0766760110855103
-0.0975116640329361
-0.1168219074606895
-0.1303441971540451
-0.1706593632698059
-0.1869862377643585
-0.2262433767318726
-0.0423438996076584
-0.0465717464685440
-0.0897589251399040
-0.0797553956508636
-0.1139768287539482
-0.1209803745150566
-0.0964337140321732
-0.1223622709512711
-0.1153159290552139
-0.1652260720729828
-0.0135843008756638
-0.0239775776863098
-0.0723184496164322
-0.0733847022056580
-0.1037633046507835
-0.1218546032905579
-0.1149093061685562
-0.1338583678007126
-0.0558100640773773
-0.1052438318729401
0.0581879168748856
0.0625731498003006
-0.0370837599039078
-0.0651363581418991
-0.1618208289146423
-0.2351409494876862
-0.2356874048709869
-0.2551598548889160
-0.0680183321237564
-0.1096445471048355
0.0940203219652176
0.0614244788885117
-0.0447878688573837
-0.1042489260435104
-0.2006292045116425
-0.2510366141796112
-0.2724783122539520
-0.2644565701484680
-0.0207706540822983
-0.0894717872142792
0.0166086554527283
0.0141083449125290
-0.0364134460687637
-0.0949787721037865
-0.1899715363979340
-0.2475503385066986
-0.1956273615360260
-0.2066936790943146
-0.0002490282058716
-0.0497752428054810
-0.1073843091726303
-0.1668895334005356
-0.0813559368252754
-0.0921571478247643
-0.0579967647790909
-0.0223455578088760
-0.0017751455307007
-0.0774518996477127
-0.0749920457601547
-0.0712853968143463
-0.2240549176931381
-0.2435691207647324
-0.0745790004730225
-0.0353133678436279
0.0081603080034256
0.0388367027044296
0.0186353921890259
-0.0463420003652573
-0.0744678527116776
-0.0778947025537491
-0.1769580990076065
-0.2422185391187668
-0.1094651147723198
-0.0430782586336136
-0.0199274718761444
0.0190397053956985
0.0117637664079666
-0.0119020640850067
-0.0072976201772690
-0.0831357091665268
0.4066330492496490
0.5386683940887451
0.6029101610183716
0.5847525596618652
0.5586501359939575
0.5480198264122009
0.5479868650436401
0.5403093099594116
0.5394964218139648
0.4713441729545593
0.5023388862609863
0.6228685975074768
0.6795879602432251
0.6731301546096802
0.6635477542877197
0.6316822767257690
0.6270651221275330
0.6262027025222778
0.6223310232162476
0.5830448269844055
0.5886971950531006
0.6725724935531616
0.6780588626861572
0.6796976327896118
0.6691882610321045
0.6447927951812744
0.6343120336532593
0.6067587137222290
0.6052480936050415
0.5705974698066711
0.4835483133792877
0.5280044078826904
0.5079777240753174
0.5071424245834351
0.5084531903266907
0.5057801008224487
0.4801453053951263
0.4317802190780640
0.4465955495834351
0.4331432878971100
0.3462841808795929
0.3378478884696960
0.2798730134963989
0.2895678877830505
0.2733472287654877
0.2618939876556396
0.2607997953891754
0.2472156584262848
0.2426807433366776
0.2766255736351013
0.2086775004863739
0.1785882264375687
0.1451861709356308
0.1346829235553741
0.1105191707611084
0.0828731656074524
0.1015109717845917
0.1058776825666428
0.1378092169761658
0.1692720800638199
0.1311746835708618
0.1052913069725037
0.0786506831645966
0.0226224064826965
0.0148389339447021
0.0165994465351105
0.0808404088020325
0.1277985721826553
0.1145580857992172
0.1295600533485413
0.0639264583587646
0.0568320751190186
0.0612848401069641
0.0445220172405243
0.0517641007900238
0.0641554892063141
0.1263392716646194
0.1794983148574829
0.1835075765848160
0.1725530177354813
0.0659382939338684
0.0875497907400131
0.1051498055458069
0.1045187413692474
0.1436661928892136
0.1455199420452118
0.1927030682563782
0.2355105429887772
0.2237032204866409
0.2265186160802841
0.1226707249879837
0.1839136481285095
0.2272614389657974
0.2199742048978806
0.2382064759731293
0.2152391672134399
0.2308516502380371
0.2492390275001526
0.2344289720058441
0.2083441317081451
0.1188462004065514
0.0451944693922997
0.0689957216382027
0.1026009172201157
0.0890679061412811
0.0636543780565262
0.0278352349996567
-0.0247371941804886
-0.0253286957740784
0.0069928914308548
0.1547358334064484
0.1243842095136642
0.1144048571586609
0.1468169689178467
0.1172693222761154
0.1090982407331467
0.0668378993868828
0.0312414467334747
0.0260826647281647
0.0363737121224403
0.2493021637201309
0.2356340289115906
0.1951073706150055
0.2113053351640701
0.1659684628248215
0.1538861691951752
0.1489894837141037
0.1070618927478790
0.1097714975476265
0.0750461593270302
0.2524397373199463
0.2384902685880661
0.1919573247432709
0.2103164643049240
0.1944470256567001
0.1836953014135361
0.1593566834926605
0.0997943431138992
0.1605835556983948
0.1227992698550224
0.3027631044387817
0.3002285361289978
0.1903699338436127
0.1725479662418365
0.1030499190092087
0.0361539945006371
0.0267254486680031
-0.0406708270311356
0.1269950419664383
0.1090162396430969
0.2926468849182129
0.2658078074455261
0.1644890308380127
0.1123169809579849
0.0195682644844055
-0.0426944643259048
-0.0636439174413681
-0.0727445483207703
0.1626760214567184
0.1212532520294189
0.2026516497135162
0.1841614842414856
0.0978367030620575
0.0208222717046738
-0.0798591077327728
-0.1016173511743546
-0.0499017834663391
-0.0257551968097687
0.1763563007116318
0.1654598265886307
0.0587553381919861
0.0052960962057114
0.0699159577488899
0.0543803945183754
0.0481507405638695
0.0661149844527245
0.0666982606053352
0.0444798022508621
0.1199187040328979
0.1446379274129868
-0.0745155066251755
-0.0981071889400482
0.0388548970222473
0.0364132449030876
0.0156666338443756
-0.0046986341476440
0.0020261555910110
0.0197647809982300
0.0741980671882629
0.1242780387401581
-0.0534427464008331
-0.0817336291074753
0.0613374933600426
0.0904021412134171
0.0440545156598091
0.0216673016548157
0.0205269455909729
0.0394822731614113
0.0925432294607162
0.0670624971389771
0.4218548834323883
0.5339320898056030
0.5868566036224365
0.5996426343917847
0.5932333469390869
0.5810378789901733
0.5626391172409058
0.5527790784835815
0.5262774825096130
0.4470226764678955
0.5174363851547241
0.6126999855041504
0.6674898266792297
0.6911001205444336
0.6895941495895386
0.6533979177474976
0.6186883449554443
0.6165723800659180
0.5759816169738770
0.5397950410842896
0.5625432729721069
0.6286007761955261
0.6357967257499695
0.6541132926940918
0.6540963649749756
0.6177062988281250
0.5838053226470947
0.5767704248428345
0.5473794937133789
0.5253838300704956
0.4739914536476135
0.5031026005744934
0.4702966511249542
0.4707093238830566
0.4695990681648254
0.4548578262329102
0.4022483229637146
0.3888469636440277
0.3833940625190735
0.3886234760284424
0.3238125145435333
0.2894460856914520
0.2581849098205566
0.2595291137695312
0.2628131210803986
0.2406828999519348
0.2121321558952332
0.2276154011487961
0.2218213975429535
0.2530676424503326
0.1963970065116882
0.1506000161170959
0.1566738784313202
0.1465317457914352
0.1170416623353958
0.1017873287200928
0.1004325300455093
0.1375376582145691
0.1597719341516495
0.1943261921405792
0.1239548325538635
0.0773253440856934
0.0961736291646957
0.0604047030210495
0.0530919730663300
0.0952910482883453
0.1309111565351486
0.1672304570674896
0.1764946877956390
0.1724559366703033
0.0907628387212753
0.0778340101242065
0.0913832336664200
0.0597017258405685
0.0554358661174774
0.0839203000068665
0.1200116276741028
0.1655753701925278
0.2176543772220612
0.2147440165281296
0.0904416441917419
0.0820150226354599
0.0708583742380142
0.0794757157564163
0.1343701034784317
0.1555246114730835
0.1933398246765137
0.2210413515567780
0.2125398069620132
0.2026666104793549
0.1503359228372574
0.1712104082107544
0.2023030221462250
0.1961761116981506
0.2341694831848145
0.2218998968601227
0.2116589695215225
0.2154268026351929
0.2095972299575806
0.2014649808406830
