3.6789324283599854
3.5979287624359131
3.8073780536651611
3.5498652458190918
3.4398577213287354
3.4877140522003174
3.3750133514404297
3.5339131355285645
3.4394433498382568
3.4044315814971924
3.4796345233917236
3.6368768215179443
3.5233473777770996
3.6070442199707031
3.5080168247222900
3.2119703292846680
3.0586640834808350
3.0396044254302979
3.0702657699584961
3.5026302337646484
3.7149801254272461
3.7734019756317139
3.6845259666442871
3.6582152843475342
3.6302473545074463
3.2952527999877930
3.1411180496215820
3.1933248043060303
3.3051970005035400
3.4460728168487549
3.4116826057434082
3.6223747730255127
3.6917769908905029
3.7381830215454102
3.7301034927368164
3.2055480480194092
3.0093574523925781
3.1912531852722168
3.0012779235839844
3.1069347858428955
3.8216726779937744
3.7601430416107178
3.9497041702270508
3.8467404842376709
3.7800314426422119
3.6188528537750244
3.2929737567901611
3.1715719699859619
3.2527828216552734
3.2109344005584717
3.2316513061523438
3.5349488258361816
3.6414344310760498
3.7363185882568359
3.7746450901031494
3.3694198131561279
2.8908560276031494
2.9128160476684570
2.7835416793823242
2.9971344470977783
3.9795365333557129
3.8316168785095215
3.9223575592041016
3.8819594383239746
3.8825809955596924
3.7412905693054199
3.4234912395477295
3.1624565124511719
3.2115559577941895
3.3230135440826416
3.4373717308044434
3.6975777149200439
3.7330038547515869
3.6285898685455322
4.0462455749511719
3.8577203750610352
3.4920647144317627
3.0843532085418701
2.6731200218200684
2.9668877124786377
4.0278072357177734
3.9729070663452148
3.9439032077789307
3.8776087760925293
3.9548833370208740
4.0470743179321289
3.7920475006103516
3.5426142215728760
3.5618810653686523
3.4839849472045898
3.7129082679748535
3.7607645988464355
3.7746450901031494
3.8148362636566162
4.1073608398437500
4.1703405380249023
3.6290042400360107
3.3853719234466553
3.1748867034912109
3.3876507282257080
4.1125402450561523
4.1780056953430176
4.1001100540161133
4.0182776451110840
4.1160621643066406
4.2196469306945801
4.0288434028625488
3.8931465148925781
3.8546128273010254
3.9165568351745605
4.1674404144287109
4.0918231010437012
4.1796631813049316
3.8734652996063232
4.0110263824462891
4.1303567886352539
3.7879040241241455
3.6602869033813477
3.7006852626800537
3.8769872188568115
4.1469302177429199
4.4570646286010742
4.0688271522521973
4.0416879653930664
4.0999026298522949
4.3456068038940430
4.0679984092712402
4.1071534156799316
4.0872654914855957
4.1274561882019043
4.2287626266479492
4.2807621955871582
4.1367788314819336
4.0412735939025879
4.1090183258056641
4.0930662155151367
3.8278877735137939
3.8711864948272705
4.0195207595825195
3.8892102241516113
3.8666286468505859
4.3389773368835449
4.0965881347656250
4.1106753349304199
3.8705649375915527
3.8370034694671631
4.0474886894226074
4.1680617332458496
4.1017670631408691
4.1548027992248535
4.2869777679443359
4.4162516593933105
4.1703405380249023
3.9785008430480957
3.9942457675933838
3.9787080287933350
3.8312025070190430
3.9331305027008057
3.9128277301788330
4.0528750419616699
3.9509470462799072
4.3998856544494629
4.0779423713684082
4.2391209602355957
3.8954255580902100
3.8013701438903809
3.9952816963195801
4.2374639511108398
4.2202687263488770
4.3499574661254883
4.4266104698181152
4.3847618103027344
4.3224039077758789
4.3306903839111328
4.1121258735656738
4.1838068962097168
4.0537037849426270
4.0808429718017578
3.9799509048461914
4.0795998573303223
3.6084945201873779
4.2519655227661133
4.0883011817932129
4.1338787078857422
3.9370667934417725
3.7201592922210693
3.7821033000946045
3.7777526378631592
3.9391384124755859
4.1508665084838867
4.2320775985717773
4.1061177253723145
4.1550102233886719
4.2840771675109863
4.2353920936584473
4.2716469764709473
4.3346266746520996
4.1622610092163086
4.1007313728332520
4.0953450202941895
3.8185651302337646
4.1579103469848633
4.1208267211914062
4.1784200668334961
4.0648908615112305
3.9037122726440430
3.7829318046569824
3.7301034927368164
3.8757443428039551
3.9177999496459961
3.9385168552398682
4.0450024604797363
4.2849059104919434
4.4106583595275879
4.1164760589599609
4.1666116714477539
4.2335276603698730
4.1786274909973145
4.0093693733215332
4.0609545707702637
4.0974164009094238
4.1641254425048828
4.0375442504882812
4.2414002418518066
4.2594237327575684
4.1322212219238281
3.7135298252105713
3.8268520832061768
3.9503254890441895
4.2142605781555176
4.2161254882812500
4.3168101310729980
4.3748178482055664
4.4239172935485840
4.2650175094604492
4.1175122261047363
4.2494797706604004
4.2830414772033691
3.9830584526062012
4.0104050636291504
4.1591534614562988
4.1206197738647461
4.1243486404418945
4.2181968688964844
4.3168101310729980
4.1937508583068848
4.0990738868713379
4.0729703903198242
4.0735921859741211
4.1013526916503906
4.0862293243408203
4.3632164001464844
4.3795828819274902
4.2324914932250977
4.0089550018310547
4.1104683876037598
4.1912646293640137
4.0957593917846680
3.9795365333557129
4.0458312034606934
4.3076944351196289
4.3366985321044922
4.3472642898559570
4.1927151679992676
4.2869777679443359
4.2511372566223145
4.1297349929809570
3.9727001190185547
3.8490192890167236
4.0537037849426270
4.0261497497558594
4.2337346076965332
4.1187553405761719
4.1237273216247559
4.0675840377807617
4.2107386589050293
4.0336079597473145
3.7781670093536377
3.9207003116607666
3.8057205677032471
4.2242050170898438
4.1680617332458496
4.1908502578735352
4.0365085601806641
4.1643328666687012
4.3000292778015137
4.2393283843994141
4.2126035690307617
3.9325089454650879
4.0899586677551270
4.0961737632751465
4.1305637359619141
4.2936072349548340
4.2606668472290039
4.1688904762268066
4.3737821578979492
4.0744209289550781
3.9681422710418701
4.0238709449768066
3.7787885665893555
4.1780056953430176
4.0895442962646484
4.0613689422607422
3.9308516979217529
4.2681250572204590
4.3646664619445801
4.3333835601806641
4.3267540931701660
4.0920300483703613
4.0653052330017090
4.0607476234436035
4.2128105163574219
4.6120281219482422
4.4522995948791504
4.2285556793212891
4.2418146133422852
4.2863559722900391
4.1987228393554688
4.0748348236083984
3.9020547866821289
4.1889858245849609
3.9588196277618408
4.0271859169006348
4.1535596847534180
4.2915353775024414
4.2965073585510254
4.4313755035400391
4.3951206207275391
4.3841404914855957
4.3373198509216309
4.0201420783996582
4.3342123031616211
4.4987058639526367
4.4021644592285156
4.2492723464965820
4.2395353317260742
4.3694314956665039
4.5161080360412598
4.3495430946350098
4.1367788314819336
4.3110094070434570
3.9534332752227783
4.0447955131530762
4.2525873184204102
4.2376708984375000
4.1042532920837402
4.1730337142944336
4.4216384887695312
4.4438056945800781
4.2099099159240723
3.9204931259155273
3.9689710140228271
4.0740065574645996
4.0578470230102539
3.9656562805175781
4.0220065116882324
4.1255917549133301
4.5716295242309570
3.9478394985198975
4.1413369178771973
4.1334643363952637
3.8977043628692627
4.1730337142944336
4.3035511970520020
4.2181968688964844
4.1908502578735352
4.1005239486694336
4.4027857780456543
4.0454168319702148
3.9385168552398682
3.8494336605072021
4.0576400756835938
4.3300690650939941
4.2285556793212891
4.1282849311828613
4.2273125648498535
4.1154403686523438
4.3054156303405762
3.6513786315917969
3.7858324050903320
4.5227375030517578
4.0941019058227539
4.3400130271911621
4.4568572044372559
4.4048576354980469
4.2793121337890625
4.1914720535278320
4.3590726852416992
4.1510739326477051
3.9057838916778564
3.7997126579284668
3.9372739791870117
4.2136392593383789
4.0938944816589355
4.2215118408203125
4.4464988708496094
4.6663064956665039
4.9173970222473145
4.3920130729675293
4.4061007499694824
2.9223458766937256
2.7377572059631348
2.6223630905151367
2.5069692134857178
2.7095818519592285
2.0708756446838379
1.6215229034423828
1.3969501256942749
1.6337459087371826
2.1744606494903564
2.6627614498138428
2.8142030239105225
3.2351732254028320
3.3752205371856689
3.1574842929840088
3.0435407161712646
3.1239228248596191
2.8560514450073242
2.9327044486999512
3.5237617492675781
2.8798761367797852
2.8318123817443848
2.8042588233947754
2.8357486724853516
2.7860279083251953
2.5347301959991455
2.2370262145996094
1.9757843017578125
2.1243255138397217
2.8129599094390869
2.9768319129943848
3.1133570671081543
3.0775165557861328
3.2440817356109619
3.2231574058532715
2.9743456840515137
3.0398116111755371
2.8048803806304932
2.8303623199462891
3.0126721858978271
3.1160502433776855
2.8838121891021729
3.1044487953186035
3.0636363029479980
3.0990624427795410
3.0829031467437744
2.8030157089233398
2.6959087848663330
2.6590323448181152
2.8976926803588867
2.9345691204071045
3.0335965156555176
2.9194455146789551
3.1036200523376465
3.2444958686828613
3.1274447441101074
2.9148879051208496
3.0184731483459473
3.0099790096282959
3.1825520992279053
3.3745989799499512
3.1094207763671875
3.1678428649902344
3.0909826755523682
3.1148073673248291
3.2146635055541992
3.0054214000701904
2.8034300804138184
2.7806413173675537
2.9635729789733887
3.0474770069122314
3.0837316513061523
2.9368479251861572
2.8970711231231689
3.2660417556762695
3.3360652923583984
3.2975316047668457
3.3839216232299805
3.2086555957794189
3.1779942512512207
3.4077463150024414
3.2397310733795166
3.1711575984954834
3.0489270687103271
3.2188067436218262
3.3049898147583008
3.1280663013458252
2.9438917636871338
3.1825520992279053
3.2538187503814697
3.2784719467163086
3.1968467235565186
2.9538359642028809
2.9641942977905273
3.1798589229583740
3.3930370807647705
3.2355875968933105
3.1067276000976562
3.2498824596405029
2.9652302265167236
3.5834267139434814
3.3629975318908691
3.1305522918701172
2.9822182655334473
3.2612767219543457
3.2782647609710693
3.1073491573333740
3.0217878818511963
3.2208786010742188
3.5912992954254150
3.5647814273834229
3.3474597930908203
3.1989185810089111
2.9159235954284668
3.0391900539398193
3.2239861488342285
3.0700585842132568
2.9724812507629395
3.0945045948028564
3.0122580528259277
3.3565752506256104
3.3656907081604004
2.9322900772094727
2.9498996734619141
3.0371184349060059
3.1649425029754639
3.0215806961059570
3.2418026924133301
3.3803997039794922
3.6621515750885010
3.7122867107391357
3.4732122421264648
3.1535482406616211
2.9646086692810059
3.1634924411773682
3.2148706912994385
3.0557637214660645
3.0694370269775391
3.3151412010192871
3.4367501735687256
2.3288028240203857
3.0091502666473389
3.0692298412322998
3.1332454681396484
2.9859473705291748
2.9998276233673096
3.0880823135375977
3.2548544406890869
3.3265354633331299
3.6544861793518066
3.6031079292297363
3.3553321361541748
3.1032056808471680
3.0876679420471191
3.1326239109039307
3.1715719699859619
3.0584568977355957
3.0748233795166016
3.1881456375122070
3.5208613872528076
2.2388906478881836
3.0719230175018311
3.0777237415313721
3.2125916481018066
2.9266965389251709
2.9714453220367432
3.1324167251586914
3.2150778770446777
3.2277152538299561
3.5780403614044189
3.6300401687622070
3.2956671714782715
3.2836511135101318
3.3598899841308594
3.1034128665924072
3.1003053188323975
2.9434773921966553
3.0190944671630859
3.2235717773437500
3.4452440738677979
2.9528000354766846
3.3294358253479004
3.1243371963500977
3.0760664939880371
2.7487370967864990
2.8133742809295654
3.0816600322723389
3.0578353404998779
3.1092135906219482
3.3043682575225830
3.4249413013458252
3.3930370807647705
3.5053236484527588
3.5136103630065918
3.2376594543457031
3.1732294559478760
3.2573404312133789
3.1620421409606934
3.2500896453857422
3.2357947826385498
3.2991888523101807
3.3449735641479492
3.1672213077545166
3.1199865341186523
3.0014851093292236
2.9594295024871826
2.9820110797882080
2.9523856639862061
3.1139786243438721
3.0905683040618896
3.0911898612976074
3.3468382358551025
3.4239056110382080
3.4334354400634766
3.1823449134826660
3.2098984718322754
3.2877945899963379
3.3051970005035400
3.1237156391143799
3.0847675800323486
3.4011168479919434
3.2687349319458008
3.0164012908935547
3.1717791557312012
3.2637627124786377
3.1560342311859131
2.8722107410430908
2.8960354328155518
3.1015484333038330
3.1705360412597656
3.1148073673248291
3.1266160011291504
3.1537554264068604
3.1869025230407715
3.1361458301544189
3.1808946132659912
3.4129254817962646
3.5111243724822998
3.1502335071563721
3.1518907546997070
3.3246710300445557
3.2026474475860596
3.0924329757690430
3.2550616264343262
3.2927665710449219
3.1264088153839111
2.9917480945587158
3.0101861953735352
3.0909826755523682
3.0626003742218018
2.9602582454681396
3.1912531852722168
3.1148073673248291
3.1755082607269287
3.1185364723205566
3.3551249504089355
3.4730050563812256
3.3770849704742432
3.1481616497039795
3.1576914787292480
3.3876507282257080
3.2538187503814697
3.1262016296386719
3.2105200290679932
3.3675551414489746
3.1726078987121582
3.0393972396850586
2.8970711231231689
2.8767685890197754
2.9625370502471924
2.9981703758239746
3.2405598163604736
3.1790301799774170
3.3304717540740967
3.2701849937438965
3.4889571666717529
3.3474597930908203
3.0008635520935059
3.0197160243988037
3.1632852554321289
3.2728784084320068
3.2273008823394775
3.2051336765289307
3.0961618423461914
3.2784719467163086
3.1960182189941406
3.1100423336029053
3.0659151077270508
2.8740751743316650
3.0447835922241211
3.2084484100341797
3.3855791091918945
3.3909654617309570
3.3397943973541260
3.2793006896972656
3.4839849472045898
3.2244005203247070
3.0290386676788330
3.2237789630889893
3.2909021377563477
3.1431896686553955
3.2923524379730225
3.1887671947479248
3.1150145530700684
3.4042243957519531
3.3145196437835693
3.1927034854888916
3.1195721626281738
3.0118436813354492
3.0868391990661621
3.1958110332489014
3.5086383819580078
3.6604940891265869
3.4234912395477295
3.3400015830993652
3.4141685962677002
3.3331649303436279
3.1873168945312500
3.1889743804931641
2.9631586074829102
3.3004319667816162
3.3163840770721436
3.3188700675964355
3.3909654617309570
3.4222481250762939
3.2436673641204834
3.1572773456573486
3.1951894760131836
3.3967661857604980
3.4483516216278076
3.2964956760406494
3.4605746269226074
3.5129888057708740
3.3928298950195312
3.4135470390319824
3.4752838611602783
3.4083678722381592
3.3638260364532471
3.4475228786468506
2.7514302730560303
3.4520807266235352
3.3957304954528809
3.3847503662109375
3.4460728168487549
3.3673479557037354
3.1570701599121094
3.1641137599945068
3.3443520069122314
3.3888938426971436
3.4210052490234375
3.1378033161163330
3.1500263214111328
3.2737069129943848
3.2235717773437500
3.2117631435394287
3.3342008590698242
3.3671407699584961
3.4413077831268311
3.1110782623291016
2.7075102329254150
3.2331016063690186
3.1199865341186523
3.3288142681121826
3.3511886596679688
3.2505040168762207
3.2179782390594482
3.1821377277374268
3.3957304954528809
3.2434601783752441
3.1491975784301758
3.0891182422637939
3.2434601783752441
3.4456584453582764
3.3176271915435791
3.2888305187225342
3.4160330295562744
3.2722568511962891
3.1554126739501953
2.7493586540222168
2.1819188594818115
3.5941996574401855
3.2208786010742188
3.3895151615142822
3.3629975318908691
3.2668704986572266
3.2623126506805420
3.2631413936614990
3.3277785778045654
3.2200498580932617
3.0615644454956055
3.0251026153564453
3.0826959609985352
3.2998104095458984
3.2055480480194092
3.2502968311309814
3.4448297023773193
3.5040805339813232
3.4727978706359863
3.1866953372955322
3.1603848934173584
-3.6863903999328613
-3.5956499576568604
-3.8086209297180176
-3.5523512363433838
-3.4359214305877686
-3.4866781234741211
-3.3797781467437744
-3.5287337303161621
-3.4365429878234863
-3.4048459529876709
-3.4759054183959961
-3.6314902305603027
-3.5167179107666016
-3.6037294864654541
-3.5129888057708740
-3.2248148918151855
-3.0696442127227783
-3.0524489879608154
-3.0837316513061523
-3.5034589767456055
-3.7255456447601318
-3.7769238948822021
-3.6894979476928711
-3.6636016368865967
-3.6339764595031738
-3.3016750812530518
-3.1539626121520996
-3.1995398998260498
-3.3116192817687988
-3.4547739028930664
-3.4110610485076904
-3.6203031539916992
-3.6874263286590576
-3.7325894832611084
-3.7286531925201416
-3.2165279388427734
-3.0193016529083252
-3.2024405002593994
-3.0085289478302002
-3.1092135906219482
-3.8372106552124023
-3.7669796943664551
-3.9557120800018311
-3.8552343845367432
-3.7864537239074707
-3.6271398067474365
-3.3091330528259277
-3.1813089847564697
-3.2583763599395752
-3.2121772766113281
-3.2277152538299561
-3.5334987640380859
-3.6437134742736816
-3.7288603782653809
-3.7680156230926514
-3.3735630512237549
-2.9008002281188965
-2.9200670719146729
-2.7831275463104248
-2.9987919330596924
-3.9967317581176758
-3.8380391597747803
-3.9248435497283936
-3.8869314193725586
-3.8861026763916016
-3.7441909313201904
-3.4350926876068115
-3.1728150844573975
-3.2190139293670654
-3.3304717540740967
-3.4382002353668213
-3.6948845386505127
-3.7356970310211182
-3.6188528537750244
-4.0423092842102051
-3.8616566658020020
-3.4976582527160645
-3.0878751277923584
-2.6704268455505371
-2.9681305885314941
-4.0435523986816406
-3.9807796478271484
-3.9494969844818115
-3.8838238716125488
-3.9579908847808838
-4.0456237792968750
-3.7968122959136963
-3.5515224933624268
-3.5629169940948486
-3.4883356094360352
-3.7137370109558105
-3.7597289085388184
-3.7789957523345947
-3.8108999729156494
-4.1079821586608887
-4.1765556335449219
-3.6325261592864990
-3.3872363567352295
-3.1732294559478760
-3.3878579139709473
-4.1251773834228516
-4.1838068962097168
-4.1073608398437500
-4.0251140594482422
-4.1168904304504395
-4.2138462066650391
-4.0373373031616211
-3.9057838916778564
-3.8583419322967529
-3.9142780303955078
-4.1676473617553711
-4.0984525680541992
-4.1869144439697266
-3.8759515285491943
-4.0101976394653320
-4.1371932029724121
-3.7959835529327393
-3.6689882278442383
-3.7052431106567383
-3.8854813575744629
-4.1612253189086914
-4.4630722999572754
-4.0737991333007812
-4.0479030609130859
-4.1003170013427734
-4.3449854850769043
-4.0711059570312500
-4.1168904304504395
-4.0901656150817871
-4.1208267211914062
-4.2246193885803223
-4.2882204055786133
-4.1465158462524414
-4.0431380271911621
-4.1065320968627930
-4.1015601158142090
-3.8454973697662354
-3.8850669860839844
-4.0284290313720703
-3.9008119106292725
-3.8711864948272705
-4.3395986557006836
-4.0934805870056152
-4.1129546165466309
-3.8749155998229980
-3.8413538932800293
-4.0479030609130859
-4.1734480857849121
-4.1100540161132812
-4.1467232704162598
-4.2772407531738281
-4.4243316650390625
-4.1719980239868164
-3.9751861095428467
-3.9867875576019287
-3.9840943813323975
-3.8428041934967041
-3.9422459602355957
-3.9219431877136230
-4.0636477470397949
-3.9463894367218018
-4.4029932022094727
-4.0777354240417480
-4.2443003654479980
-3.9097201824188232
-3.8100712299346924
-3.9952816963195801
-4.2391209602355957
-4.2283482551574707
-4.3474712371826172
-4.4145946502685547
-4.3822760581970215
-4.3261327743530273
-4.3315191268920898
-4.1090183258056641
-4.1850495338439941
-4.0586757659912109
-4.0831217765808105
-3.9919669628143311
-4.0924444198608398
-3.6006219387054443
-4.2552804946899414
-4.0883011817932129
-4.1400938034057617
-3.9482538700103760
-3.7251312732696533
-3.7831389904022217
-3.7796170711517334
-3.9432818889617920
-4.1554241180419922
-4.2316632270812988
-4.0999026298522949
-4.1543884277343750
-4.2921566963195801
-4.2414002418518066
-4.2687463760375977
-4.3337979316711426
-4.1684761047363281
-4.1185479164123535
-4.1088109016418457
-3.8202226161956787
-4.1610178947448730
-4.1241416931152344
-4.1829781532287598
-4.0700702667236328
-3.9126205444335938
-3.7955694198608398
-3.7402548789978027
-3.8827879428863525
-3.9233934879302979
-3.9418315887451172
-4.0423092842102051
-4.2830414772033691
-4.4185309410095215
-4.1276636123657227
-4.1676473617553711
-4.2335276603698730
-4.1858782768249512
-4.0253214836120605
-4.0758709907531738
-4.1042532920837402
-4.1730337142944336
-4.0450024604797363
-4.2445077896118164
-4.2650175094604492
-4.1442370414733887
-3.7276175022125244
-3.8374178409576416
-3.9499113559722900
-4.2134318351745605
-4.2155036926269531
-4.3155670166015625
-4.3706746101379395
-4.4295105934143066
-4.2718539237976074
-4.1193766593933105
-4.2480297088623047
-4.2913279533386230
-4.0017037391662598
-4.0305004119873047
-4.1657829284667969
-4.1315999031066895
-4.1328425407409668
-4.2192330360412598
-4.3230252265930176
-4.2020378112792969
-4.1098470687866211
-4.0806360244750977
-4.0696558952331543
-4.1009383201599121
-4.0899586677551270
-4.3667383193969727
-4.3820686340332031
-4.2360134124755859
-4.0153770446777344
-4.1185479164123535
-4.1976871490478516
-4.1115040779113770
-4.0031542778015137
-4.0682053565979004
-4.3151526451110840
-4.3410491943359375
-4.3553438186645508
-4.1929221153259277
-4.2871847152709961
-4.2569379806518555
-4.1359500885009766
-3.9801580905914307
-3.8486049175262451
-4.0508031845092773
-4.0307078361511230
-4.2401571273803711
-4.1297349929809570
-4.1417512893676758
-4.0814642906188965
-4.2277269363403320
-4.0425162315368652
-3.7930831909179688
-3.9449391365051270
-3.8283021450042725
-4.2302126884460449
-4.1672329902648926
-4.1935439109802246
-4.0387873649597168
-4.1657829284667969
-4.3033437728881836
-4.2463722229003906
-4.2190256118774414
-3.9370667934417725
-4.0938944816589355
-4.1046676635742188
-4.1519021987915039
-4.3219895362854004
-4.2840771675109863
-4.1831851005554199
-4.3882837295532227
-4.0829148292541504
-3.9845087528228760
-4.0381660461425781
-3.7980554103851318
-4.1873283386230469
-4.0907869338989258
-4.0684127807617188
-3.9358236789703369
-4.2706112861633301
-4.3675670623779297
-4.3441567420959473
-4.3375272750854492
-4.1021814346313477
-4.0783567428588867
-4.0899586677551270
-4.2484440803527832
-4.6460037231445312
-4.4740524291992188
-4.2391209602355957
-4.2544517517089844
-4.3037581443786621
-4.2184042930603027
-4.0851936340332031
-3.9211146831512451
-4.2045235633850098
-3.9702138900756836
-4.0416879653930664
-4.1630897521972656
-4.2958860397338867
-4.3008580207824707
-4.4392476081848145
-4.4069290161132812
-4.3961563110351562
-4.3590726852416992
-4.0543251037597656
-4.3700528144836426
-4.5241875648498535
-4.4195666313171387
-4.2590093612670898
-4.2538304328918457
-4.3911843299865723
-4.5374464988708496
-4.3632164001464844
-4.1508665084838867
-4.3300690650939941
-3.9706282615661621
-4.0605401992797852
-4.2670893669128418
-4.2480297088623047
-4.1108827590942383
-4.1802849769592285
-4.4380049705505371
-4.4645223617553711
-4.2376708984375000
-3.9528117179870605
-3.9992177486419678
-4.0936875343322754
-4.0729703903198242
-3.9756004810333252
-4.0352654457092285
-4.1425795555114746
-4.5867533683776855
-3.9571621417999268
-4.1564602851867676
-4.1498308181762695
-3.9095129966735840
-4.1831851005554199
-4.3134951591491699
-4.2314558029174805
-4.2026591300964355
-4.1146116256713867
-4.4197735786437988
-4.0659265518188477
-3.9658634662628174
-3.8740868568420410
-4.0808429718017578
-4.3485069274902344
-4.2440934181213379
-4.1380219459533691
-4.2414002418518066
-4.1297349929809570
-4.3201246261596680
-3.6588368415832520
-3.7920475006103516
-4.5401396751403809
-4.1057033538818359
-4.3487143516540527
-4.4688730239868164
-4.4170804023742676
-4.2900853157043457
-4.2068023681640625
-4.3804116249084473
-4.1684761047363281
-3.9223575592041016
-3.8169078826904297
-3.9588196277618408
-4.2372565269470215
-4.1127471923828125
-4.2333202362060547
-4.4568572044372559
-4.6818442344665527
-4.9406003952026367
-4.4032001495361328
-4.4154233932495117
-2.9308400154113770
-2.7483227252960205
-2.6329288482666016
-2.5164990425109863
-2.7253270149230957
-2.0824770927429199
-1.6262878179550171
-1.4023365974426270
-1.6395467519760132
-2.1788113117218018
-2.6644186973571777
-2.8139958381652832
-3.2465677261352539
-3.4002881050109863
-3.1819305419921875
-3.0578353404998779
-3.1309666633605957
-2.8649597167968750
-2.9362263679504395
-3.5245904922485352
-2.8815333843231201
-2.8388562202453613
-2.8088166713714600
-2.8398921489715576
-2.7930717468261719
-2.5407381057739258
-2.2378549575805664
-1.9824137687683105
-2.1292974948883057
-2.8119242191314697
-2.9722740650177002
-3.1106638908386230
-3.0829031467437744
-3.2647986412048340
-3.2407670021057129
-2.9757959842681885
-3.0367040634155273
-2.8088166713714600
-2.8268404006958008
-3.0033495426177979
-3.1201937198638916
-2.8910632133483887
-3.1168789863586426
-3.0754449367523193
-3.1170861721038818
-3.0988552570343018
-2.8115098476409912
-2.7075102329254150
-2.6654546260833740
-2.8908560276031494
-2.9264893531799316
-3.0342180728912354
-2.9329116344451904
-3.1355242729187012
-3.2745356559753418
-3.1382174491882324
-2.9101228713989258
-3.0228235721588135
-3.0056285858154297
-3.1879384517669678
-3.3803997039794922
-3.1228868961334229
-3.1823449134826660
-3.1038272380828857
-3.1324167251586914
-3.2318584918975830
-3.0145368576049805
-2.8044660091400146
-2.7773265838623047
-2.9552860260009766
-3.0437479019165039
-3.0880823135375977
-2.9436845779418945
-2.9194455146789551
-3.3033323287963867
-3.3596827983856201
-3.3134837150573730
-3.3957304954528809
-3.2173566818237305
-3.1956038475036621
-3.4129254817962646
-3.2552688121795654
-3.1864881515502930
-3.0652935504913330
-3.2384879589080811
-3.3275713920593262
-3.1378033161163330
-2.9389195442199707
-3.1748867034912109
-3.2515397071838379
-3.2853085994720459
-3.2117631435394287
-2.9664733409881592
-2.9780747890472412
-3.2138347625732422
-3.4268059730529785
-3.2683205604553223
-3.1371817588806152
-3.2776432037353516
-2.9973416328430176
-3.5915064811706543
-3.3820571899414062
-3.1429824829101562
-2.9950628280639648
-3.2801291942596436
-3.3039538860321045
-3.1249587535858154
-3.0319390296936035
-3.2287509441375732
-3.6031079292297363
-3.5828053951263428
-3.3712842464447021
-3.2179782390594482
-2.9295969009399414
-3.0655007362365723
-3.2560975551605225
-3.1038272380828857
-3.0135009288787842
-3.1317951679229736
-3.0522418022155762
-3.3571968078613281
-3.3816428184509277
-2.9453418254852295
-2.9631586074829102
-3.0563852787017822
-3.1904244422912598
-3.0487198829650879
-3.2670774459838867
-3.4021527767181396
-3.6874263286590576
-3.7379758358001709
-3.4955866336822510
-3.1657712459564209
-2.9793179035186768
-3.1848309040069580
-3.2386951446533203
-3.0868391990661621
-3.1052775382995605
-3.3542962074279785
-3.4723834991455078
-2.3426830768585205
-3.0242738723754883
-3.0872535705566406
-3.1504406929016113
-3.0056285858154297
-3.0197160243988037
-3.1123211383819580
-3.2797150611877441
-3.3513958454132080
-3.6814184188842773
-3.6329405307769775
-3.3704555034637451
-3.1141858100891113
-3.0990624427795410
-3.1506478786468506
-3.1848309040069580
-3.0746161937713623
-3.0986480712890625
-3.2179782390594482
-3.5436501502990723
-2.2666516304016113
-3.0936758518218994
-3.1017556190490723
-3.2364163398742676
-2.9403698444366455
-2.9818038940429688
-3.1502335071563721
-3.2351732254028320
-3.2459461688995361
-3.6060082912445068
-3.6621515750885010
-3.3172128200531006
-3.2991888523101807
-3.3741846084594727
-3.1245443820953369
-3.1150145530700684
-2.9554932117462158
-3.0414688587188721
-3.2502968311309814
-3.4665827751159668
-2.9791107177734375
-3.3493242263793945
-3.1529266834259033
-3.1007196903228760
-2.7622032165527344
-2.8233184814453125
-3.1023771762847900
-3.0826959609985352
-3.1351099014282227
-3.3335793018341064
-3.4529094696044922
-3.4212124347686768
-3.5324628353118896
-3.5366063117980957
-3.2652130126953125
-3.1999542713165283
-3.2811651229858398
-3.1931176185607910
-3.2755715847015381
-3.2637627124786377
-3.3225991725921631
-3.3743917942047119
-3.2001614570617676
-3.1460900306701660
-3.0205447673797607
-2.9770388603210449
-3.0014851093292236
-2.9768319129943848
-3.1382174491882324
-3.1123211383819580
-3.1156358718872070
-3.3743917942047119
-3.4560170173645020
-3.4599533081054688
-3.2063765525817871
-3.2372450828552246
-3.3190772533416748
-3.3393800258636475
-3.1489903926849365
-3.1073491573333740
-3.4257700443267822
-3.2960813045501709
-3.0410547256469727
-3.1931176185607910
-3.2906949520111084
-3.1740579605102539
-2.8881628513336182
-2.9080512523651123
-3.1123211383819580
-3.1817233562469482
-3.1332454681396484
-3.1473331451416016
-3.1788229942321777
-3.2088627815246582
-3.1576914787292480
-3.2028546333312988
-3.4421365261077881
-3.5428214073181152
-3.1736435890197754
-3.1634924411773682
-3.3420732021331787
-3.2254362106323242
-3.1104567050933838
-3.2786791324615479
-3.3188700675964355
-3.1454684734344482
-3.0079073905944824
-3.0215806961059570
-3.0961618423461914
-3.0636363029479980
-2.9660589694976807
-3.2078268527984619
-3.1361458301544189
-3.1958110332489014
-3.1344885826110840
-3.3758420944213867
-3.5061521530151367
-3.4048459529876709
-3.1695003509521484
-3.1645281314849854
-3.4025669097900391
-3.2782647609710693
-3.1425681114196777
-3.2318584918975830
-3.3930370807647705
-3.1889743804931641
-3.0514130592346191
-2.9018361568450928
-2.8802902698516846
-2.9722740650177002
-3.0120508670806885
-3.2658345699310303
-3.2098984718322754
-3.3582324981689453
-3.2987747192382812
-3.5148534774780273
-3.3797781467437744
-3.0275886058807373
-3.0412619113922119
-3.1688787937164307
-3.2890377044677734
-3.2507112026214600
-3.2246077060699463
-3.1187434196472168
-3.3054041862487793
-3.2192211151123047
-3.1214368343353271
-3.0713014602661133
-2.8798761367797852
-3.0603215694427490
-3.2378666400909424
-3.4247343540191650
-3.4305350780487061
-3.3741846084594727
-3.3151412010192871
-3.5165107250213623
-3.2612767219543457
-3.0567996501922607
-3.2411811351776123
-3.2875874042510986
-3.1612133979797363
-3.3153481483459473
-3.2098984718322754
-3.1367673873901367
-3.4338498115539551
-3.3356509208679199
-3.2049264907836914
-3.1270303726196289
-3.0211663246154785
-3.1102495193481445
-3.2260577678680420
-3.5436501502990723
-3.6880478858947754
-3.4580886363983154
-3.3847503662109375
-3.4553954601287842
-3.3669335842132568
-3.2167351245880127
-3.2179782390594482
-2.9731028079986572
-3.3232207298278809
-3.3449735641479492
-3.3424875736236572
-3.4147901535034180
-3.4537382125854492
-3.2672846317291260
-3.1748867034912109
-3.2088627815246582
-3.4160330295562744
-3.4794273376464844
-3.3188700675964355
-3.4875068664550781
-3.5405426025390625
-3.4272203445434570
-3.4597461223602295
-3.5204470157623291
-3.4404792785644531
-3.3978021144866943
-3.4875068664550781
-2.7789840698242188
-3.4843993186950684
-3.4355070590972900
-3.4172761440277100
-3.4769411087036133
-3.4040172100067139
-3.1866953372955322
-3.1949822902679443
-3.3766705989837646
-3.4183120727539062
-3.4504234790802002
-3.1624565124511719
-3.1790301799774170
-3.3068542480468750
-3.2660417556762695
-3.2625198364257812
-3.3830928802490234
-3.4104394912719727
-3.4829490184783936
-3.1469187736511230
-2.7329921722412109
-3.2523684501647949
-3.1431896686553955
-3.3567824363708496
-3.3791568279266357
-3.2768144607543945
-3.2391095161437988
-3.2076196670532227
-3.4226624965667725
-3.2687349319458008
-3.1726078987121582
-3.1158430576324463
-3.2703921794891357
-3.4785985946655273
-3.3580253124237061
-3.3362724781036377
-3.4661684036254883
-3.3190772533416748
-3.1958110332489014
-2.7783625125885010
-2.2080223560333252
-3.6159524917602539
-3.2509181499481201
-3.4286704063415527
-3.4040172100067139
-3.3018822669982910
-3.2952527999877930
-3.3002247810363770
-3.3640332221984863
-3.2606551647186279
-3.1085922718048096
-3.0752377510070801
-3.1305522918701172
-3.3460094928741455
-3.2550616264343262
-3.3051970005035400
-3.5038733482360840
-3.5618810653686523
-3.5214829444885254
-3.2258505821228027
-3.1939463615417480
