0.0753209516406059
0.0314563028514385
-0.0170478895306587
-0.0584702901542187
-0.0718149095773697
-0.0489673800766468
-0.0121506443247199
0.0211544334888458
0.0107783004641533
-0.0129806147888303
-0.0320519767701626
-0.0361442156136036
0.0156049430370331
0.0642343536019325
0.0383876822888851
-0.0091457040980458
-0.0607222281396389
-0.0862136483192444
-0.0428222790360451
-0.0404007658362389
0.0606926232576370
0.0343205705285072
-0.0279044583439827
-0.0722592771053314
-0.0762317255139351
-0.0419423766434193
-0.0082360999658704
0.0223541837185621
-0.0024271598085761
-0.0215344801545143
-0.0434101261198521
-0.0440502613782883
-0.0081436662003398
0.0568971708416939
0.0553229860961437
0.0186928510665894
-0.0438314191997051
-0.1324560195207596
-0.1193150877952576
-0.0727794691920280
0.0077840881422162
0.0060928501188755
-0.0289693064987659
-0.0529197044670582
-0.0626613497734070
-0.0332801006734371
0.0096462257206440
0.0251288563013077
0.0074053220450878
-0.0153384385630488
-0.0524172224104404
-0.0635484680533409
-0.0182107090950012
0.0454442724585533
0.0886877477169037
0.0441152602434158
-0.0310035161674023
-0.1425054967403412
-0.1812362372875214
-0.0983879864215851
-0.0165978297591209
-0.0124760465696454
-0.0190956667065620
-0.0344835892319679
-0.0469139255583286
-0.0113813718780875
0.0289160832762718
0.0499517768621445
0.0251883007586002
-0.0052473405376077
-0.0444368235766888
-0.0784287974238396
-0.0417990311980247
0.0190488602966070
0.0822516009211540
0.0481334142386913
-0.0395626090466976
-0.1356944888830185
-0.1739536821842194
-0.1006367728114128
-0.0307227820158005
-0.0398806110024452
-0.0420469194650650
-0.0419016927480698
-0.0482907220721245
-0.0080932350829244
0.0385111533105373
0.0689738392829895
0.0528368465602398
-0.0018456764519215
-0.0457822605967522
-0.0910753160715103
-0.0514997877180576
-0.0080518564209342
0.0514391995966434
0.0377775020897388
-0.0396215505897999
-0.1126343086361885
-0.1267691999673843
-0.0771812871098518
-0.0366103164851665
-0.0394451133906841
-0.0432390905916691
-0.0467993766069412
-0.0383026190102100
-0.0114148845896125
0.0170593410730362
0.0388626903295517
0.0241022333502769
-0.0218382142484188
-0.0652393177151680
-0.0785274356603622
-0.0363449379801750
0.0037682168185711
0.0355924740433693
0.0108526227995753
-0.0396712534129620
-0.0779317468404770
-0.0689532980322838
-0.0569307170808315
-0.0421325340867043
-0.0349134132266045
-0.0292026139795780
-0.0213860161602497
0.0000063003972173
0.0129419369623065
-0.0095155751332641
-0.0035933824256063
0.0026975227519870
-0.0158518888056278
-0.0499948225915432
-0.0385590009391308
0.0066259987652302
0.0140969436615705
0.0006469534710050
-0.0144182434305549
-0.0399321131408215
-0.0462220646440983
-0.0280876569449902
-0.0445415526628494
-0.0364447943866253
-0.0426556430757046
-0.0304518342018127
-0.0166861638426781
0.0219771657139063
0.0357486270368099
0.0006509171798825
-0.0154188117012382
-0.0125647028908134
-0.0160850174725056
-0.0362432822585106
0.0342416651546955
0.0791578292846680
-0.0087654823437333
-0.0465083383023739
-0.0201337411999702
-0.0233850888907909
-0.0281999185681343
-0.0058716172352433
-0.0276628769934177
-0.0060607986524701
-0.0309030301868916
-0.0258289165794849
-0.0067309914156795
0.0790723338723183
0.0818052440881729
0.0257367230951786
-0.0420755296945572
-0.0564318932592869
-0.0261520929634571
-0.0181219428777695
0.0903436541557312
0.0738194212317467
0.0002219118177891
-0.0485035851597786
-0.0268439091742039
-0.0028201229870319
-0.0162967368960381
-0.0155867720022798
-0.0236577950417995
-0.0050048334524035
-0.0292458422482014
-0.0199956260621548
0.0047348774969578
0.1441275626420975
0.1482264846563339
0.0596770048141479
-0.0375920385122299
-0.0823515877127647
-0.0346048027276993
-0.0258670412003994
0.0548589825630188
0.0499438084661961
-0.0330030210316181
-0.0332295335829258
-0.0045674638822675
0.0325951091945171
0.0241534654051065
-0.0066426480188966
-0.0173358544707298
-0.0087800985202193
-0.0303375683724880
-0.0208057574927807
0.0054705999791622
0.1522463262081146
0.1714116334915161
0.0827463418245316
-0.0665159672498703
-0.0972476825118065
-0.0374558754265308
-0.0242584384977818
0.0054746158421040
0.0113117657601833
-0.0200084485113621
-0.0180553980171680
-0.0055486569181085
0.0494786016643047
0.0318731032311916
0.0023552812635899
-0.0117449602112174
-0.0233303122222424
-0.0449477210640907
-0.0418318733572960
-0.0170199945569038
0.0756729394197464
0.1556125432252884
0.1067349612712860
-0.0342372171580791
-0.0785873234272003
-0.0251267515122890
-0.0192999243736267
-0.0269572809338570
-0.0432719253003597
-0.0377068556845188
-0.0213670730590820
0.0032353429123759
0.0407671891152859
0.0382805913686752
0.0197819955646992
-0.0047082370147109
-0.0261403806507587
-0.0560319311916828
-0.0464592128992081
-0.0255736820399761
0.0016216943040490
0.0616114065051079
0.0143144624307752
-0.0254372097551823
-0.0414621047675610
-0.0128116821870208
-0.0214146561920643
-0.0415898151695728
-0.0430383421480656
-0.0398212634027004
-0.0210801959037781
-0.0101442718878388
0.0066268737427890
0.0191560033708811
0.0308355353772640
0.0062270523048937
-0.0331406146287918
-0.0586130507290363
-0.0500291325151920
-0.0208491533994675
-0.0060566114261746
0.0092890579253435
-0.0155435027554631
-0.0419182591140270
-0.0503308996558189
-0.0322755873203278
-0.0387809015810490
-0.0503491386771202
-0.0493036992847919
-0.0444477610290051
-0.0291900970041752
-0.0156363062560558
-0.0081548364832997
0.0026809247210622
0.0307405441999435
0.0183795411139727
-0.0306274369359016
-0.0450227744877338
-0.0367983803153038
-0.0093344012275338
0.0033866427838802
0.0000393148511648
-0.0239976532757282
-0.0508200153708458
-0.0563500784337521
-0.0587799362838268
-0.0566329099237919
-0.0501303374767303
-0.0546616651117802
-0.0555537231266499
-0.0351167693734169
-0.0198044590651989
-0.0052596246823668
0.0016097342595458
0.0329693295061588
0.0057265693321824
-0.0290372855961323
-0.0427253954112530
-0.0276433043181896
0.0109997140243649
0.0136137735098600
0.0052173193544149
-0.0248678848147392
-0.0454184450209141
-0.0578510202467442
-0.0704557523131371
-0.0548652596771717
-0.0258279591798782
-0.0163835287094116
-0.0159653872251511
-0.0055650053545833
0.0061805946752429
0.0142013477161527
0.0201601646840572
0.0537202730774879
0.0217619128525257
-0.0321025028824806
-0.0343680195510387
-0.0240767747163773
-0.0029249247163534
0.0051749432459474
-0.0022713458165526
-0.0367335416376591
-0.0639147982001305
-0.0681070387363434
-0.0278999507427216
0.0199787169694901
0.0438366010785103
0.0465655811131001
0.0303370654582977
0.0469518229365349
0.0570300556719303
0.0508750788867474
0.0500275157392025
0.0792704150080681
0.0363113880157471
-0.0152100687846541
-0.0303829498589039
-0.0293473154306412
-0.0200947858393192
-0.0085070179775357
-0.0097977640107274
-0.0381131023168564
-0.0603620894253254
-0.0436625853180885
0.0233651772141457
0.0579249523580074
0.0676480904221535
0.0671237856149673
0.0530695207417011
0.0522433072328568
0.0600383616983891
0.0696406960487366
0.0610604956746101
0.0854784771800041
0.0533026903867722
0.0015047527849674
-0.0302475988864899
-0.0582726262509823
-0.0391569808125496
-0.0148841561749578
0.0058798301033676
0.0081734526902437
-0.0175957344472408
-0.0371482856571674
0.0255114939063787
0.0800552293658257
0.0828855335712433
0.0810363739728928
0.0618385821580887
0.0490138791501522
0.0483902134001255
0.0404931828379631
0.0460016354918480
0.0725592672824860
0.0528938211500645
0.0089812520891428
-0.0264320224523544
-0.0377715341746807
-0.0429045706987381
-0.0130021208897233
0.0261880569159985
0.0221065897494555
-0.0225255712866783
-0.0492384769022465
-0.0001721736043692
0.0536131300032139
0.0680661201477051
0.0582820922136307
0.0450224503874779
0.0496709272265434
0.0388996340334415
0.0136269889771938
0.0134243061766028
0.0368907153606415
0.0072314245626330
0.0116610787808895
0.0120466686785221
0.0120196528732777
0.0031100921332836
-0.0058673471212387
0.0240150690078735
0.0272346213459969
0.0338922962546349
0.0368964225053787
0.0516288280487061
0.0407356619834900
0.0279580652713776
0.0281705334782600
0.0538977757096291
0.1015050038695335
0.1537899374961853
0.1768831312656403
0.1496959626674652
0.0950565412640572
0.0507465153932571
-0.0626025423407555
-0.0802391618490219
-0.0794565379619598
-0.0632438212633133
-0.0345772095024586
0.0087391324341297
0.0221914947032928
0.0346891507506371
0.0436798930168152
0.0704259127378464
0.0646955445408821
0.0373289659619331
0.0189263150095940
0.0182131379842758
0.0561849921941757
0.1259669661521912
0.1451071202754974
0.1596527695655823
0.1197101548314095
0.0627330020070076
-0.0459608770906925
-0.0890475437045097
-0.1018808484077454
-0.0841439962387085
-0.0395128317177296
-0.0092310532927513
0.0320373773574829
0.0492708534002304
0.0589902698993683
0.0628584399819374
0.0638632997870445
0.0484824627637863
0.0357508137822151
0.0163778625428677
0.0307087153196335
0.0835212990641594
0.0848748162388802
0.0871389433741570
0.0743082910776138
0.0627781748771667
0.0166712962090969
-0.0251896232366562
-0.0464557223021984
-0.0378507748246193
-0.0274128206074238
-0.0080768764019012
0.0219201669096947
0.0407689735293388
0.0497162789106369
0.0633234232664108
0.0626577362418175
0.0496006831526756
0.0526081025600433
0.0373485013842583
0.0170606970787048
0.0192911960184574
0.0056766122579575
0.0200444161891937
0.0395925119519234
0.0537319853901863
0.0405117943882942
0.0197615399956703
0.0108553618192673
0.0037004984915257
0.0047600716352463
0.0095695853233337
0.0190769955515862
0.0164578445255756
0.0237049981951714
0.0296712890267372
0.0372525677084923
0.0376355797052383
0.0586475953459740
0.0445451065897942
0.0211787223815918
-0.0034321248531342
-0.0199265237897635
-0.0161905176937580
0.0075468085706234
0.0458741709589958
0.0556013286113739
0.0289298370480537
0.0462842136621475
0.0506207123398781
0.0542765557765961
0.0535994023084641
0.0292169377207756
-0.0081213861703873
-0.0314602851867676
-0.0217564590275288
0.0181819349527359
0.0404584631323814
0.0561624914407730
0.0400048792362213
0.0439789444208145
0.0194349624216557
-0.0013578198850155
-0.0016656965017319
0.0163470841944218
0.0453900247812271
0.0859088376164436
0.0550440698862076
0.0705318376421928
0.0754952654242516
0.0811992287635803
0.0761342272162437
0.0541670545935631
0.0128369182348251
-0.0221891403198242
-0.0303879752755165
-0.0026967935264111
0.0352386906743050
0.0518436953425407
0.0400385484099388
0.0590364113450050
0.0400437563657761
0.0277391821146011
0.0272854119539261
0.0309368744492531
0.0427611172199249
0.0911599919199944
0.0658943206071854
0.0787510797381401
0.0770125985145569
0.0964612588286400
0.1101077273488045
0.1185606792569160
0.0929444506764412
0.0522623658180237
0.0054075382649899
0.0074441917240620
0.0323243290185928
0.0364119559526443
0.0234774127602577
0.0493911206722260
0.0466919615864754
0.0544839501380920
0.0498399436473846
0.0523193776607513
0.0377007201313972
0.0580903068184853
0.0497709289193153
0.0631663426756859
0.0744830295443535
0.0938798710703850
0.1297742426395416
0.0635192915797234
0.0412534177303314
0.0087682716548443
0.0144605487585068
0.0124182999134064
0.0220538526773453
0.0196958407759666
-0.0048295669257641
-0.0027433633804321
0.0502776354551315
0.0714795589447021
0.0581619814038277
0.0537832006812096
0.0393956080079079
0.0233362019062042
0.0098429284989834
0.0190035887062550
0.0415796414017677
0.0245495587587357
0.0369717553257942
-0.0008225068449974
0.0365341305732727
0.0068697407841682
0.0169757939875126
0.0154329575598240
0.0026677884161472
0.0151289999485016
-0.0022171027958393
0.0064263492822647
0.0597990155220032
0.0705122202634811
0.0596006214618683
0.0378804057836533
0.0390912517905235
0.0333013907074928
0.0192553289234638
0.0171653740108013
0.0209991112351418
-0.0402535088360310
-0.0592295825481415
-0.0574220865964890
-0.0047792084515095
-0.0365251898765564
-0.0096239708364010
0.0171370953321457
0.0203950628638268
0.0051911249756813
0.0022111758589745
0.0147142149507999
0.0260535553097725
0.0306628718972206
0.0450672730803490
0.0393913388252258
0.0547218769788742
-0.0142303928732872
-0.0175637956708670
0.0019691772758961
0.0082368738949299
-0.0554635375738144
-0.1075974777340889
-0.0874418169260025
-0.0720538496971130
-0.0677480399608612
-0.0154788400977850
0.0041531324386597
-0.0034924745559692
-0.0042308978736401
-0.0077391117811203
-0.0120493546128273
-0.0236594639718533
-0.0292219445109367
0.0046718046069145
0.0299022570252419
0.0518555790185928
-0.0389335118234158
-0.0453093610703945
-0.0247114654630423
-0.0057037621736526
-0.0324621349573135
-0.0939349904656410
-0.1513653844594955
-0.1320446133613586
-0.0815811157226562
-0.0412239544093609
-0.0224074013531208
-0.0248604603111744
-0.0255434755235910
-0.0404499173164368
-0.0484701693058014
-0.0573300682008266
-0.0482651144266129
-0.0184628106653690
0.0112411677837372
0.0282175466418266
-0.0713078379631042
-0.0996388271450996
-0.0722218006849289
-0.0481575652956963
-0.0477707162499428
-0.0700045078992844
-0.0961530804634094
-0.0922887474298477
-0.0805777460336685
-0.0813444405794144
-0.0805600881576538
-0.0704489052295685
-0.0379496067762375
-0.0348625071346760
-0.0357311777770519
-0.0396209657192230
-0.0323629528284073
-0.0265833288431168
-0.0091132111847401
0.0024461485445499
-0.0184544548392296
-0.0739449784159660
-0.0649542063474655
-0.0541398301720619
-0.0565099753439426
-0.0676097646355629
-0.0851555317640305
-0.0942474901676178
-0.0961131900548935
-0.0780275613069534
-0.0691967010498047
-0.0478844977915287
-0.0158175174146891
0.0137707963585854
0.0180051736533642
0.0187152028083801
0.0091020800173283
-0.0082102492451668
0.0001682527363300
0.0010865442454815
0.0200023725628853
-0.0244159996509552
-0.0237547867000103
-0.0178485531359911
-0.0364126861095428
-0.0621075555682182
-0.0912568792700768
-0.0980023220181465
-0.0769075155258179
-0.0464961640536785
-0.0216711927205324
-0.0078714042901993
0.0011497400701046
0.0074689239263535
0.0173487402498722
0.0200266987085342
0.0282517075538635
0.0171870216727257
0.0239365175366402
0.0274051874876022
0.0699836835265160
0.0230618864297867
0.0264132544398308
0.0202090516686440
0.0152929089963436
0.0090191587805748
0.0004320219159126
0.0046177878975868
-0.0035657696425915
-0.0327166803181171
-0.0300197377800941
-0.0261018499732018
-0.0232671480625868
-0.0231506824493408
0.0095136314630508
0.0171742960810661
0.0314907208085060
0.0298406556248665
0.0233620852231979
0.0233202129602432
0.1225163117051125
0.1154375150799751
0.0975137427449226
0.0689667537808418
0.0522288009524345
0.0410862714052200
0.0458019822835922
0.0766765400767326
0.0585594847798347
0.0057867653667927
-0.0227133035659790
-0.0334725305438042
-0.0368623882532120
-0.0205952543765306
0.0115273147821426
0.0334467962384224
0.0665767341852188
0.0758299157023430
0.0884346440434456
0.0383350104093552
0.1123054996132851
0.1075915470719337
0.0877281650900841
0.0779881477355957
0.0710090771317482
0.0592513903975487
0.0531946793198586
0.0560662224888802
0.0512323677539825
0.0398266986012459
-0.0109545215964317
-0.0331481993198395
-0.0297653097659349
-0.0151453875005245
0.0124756395816803
0.0409279018640518
0.0505200251936913
0.0632359459996223
0.0669509470462799
0.0387896820902824
0.0552142485976219
0.0541865676641464
0.0317985415458679
0.0225770995020866
0.0202062651515007
0.0199011117219925
0.0180076360702515
0.0277395397424698
0.0325425490736961
0.0465628057718277
0.0276143923401833
0.0067459903657436
0.0063811950385571
0.0154484435915947
0.0262945070862770
0.0214947536587715
0.0049242079257965
0.0036433972418308
0.0199849903583527
0.0238194093108177
-0.1176575049757957
-0.1608609259128571
-0.1590437293052673
-0.1519216150045395
-0.1896644383668900
-0.1603679955005646
-0.2006572484970093
-0.2392271608114243
-0.2155919671058655
-0.1904501318931580
-0.1863898336887360
-0.1828574240207672
-0.1347198188304901
-0.0970931649208069
-0.1196955665946007
-0.1195445731282234
-0.0834946185350418
-0.0360973477363586
0.0137071609497070
-0.0590439438819885
-0.1421679407358170
-0.1719864904880524
-0.1544418036937714
-0.1653917282819748
-0.2168856263160706
-0.2140318900346756
-0.2297608107328415
-0.2336937040090561
-0.2176526933908463
-0.2089105248451233
-0.2339000999927521
-0.2244117110967636
-0.1651551127433777
-0.1199256926774979
-0.0978586673736572
-0.1040457785129547
-0.1064386963844299
-0.0471868216991425
0.0365927964448929
-0.0250004976987839
-0.1703612506389618
-0.1559961438179016
-0.1593603491783142
-0.1786123514175415
-0.2115675657987595
-0.2235968708992004
-0.2356577813625336
-0.2281554043292999
-0.2300522476434708
-0.2301330715417862
-0.2574456930160522
-0.2434152811765671
-0.1787956357002258
-0.1236476823687553
-0.0881344825029373
-0.1069500744342804
-0.1356084197759628
-0.1291551291942596
-0.0489615052938461
-0.0413399189710617
-0.2018161714076996
-0.1884261667728424
-0.1710515618324280
-0.1525670140981674
-0.1718359589576721
-0.1975384950637817
-0.2513789832592010
-0.2911962270736694
-0.2509970664978027
-0.2569122910499573
-0.2781271934509277
-0.2870210111141205
-0.2038158178329468
-0.1575686186552048
-0.1211349591612816
-0.1094061508774757
-0.1405093967914581
-0.1658247709274292
-0.0852874219417572
-0.0536113828420639
-0.2270310670137405
-0.2196501940488815
-0.1873610019683838
-0.1348108351230621
-0.1419259160757065
-0.1804389357566833
-0.2536683380603790
-0.2595790326595306
-0.2452817708253860
-0.2374499738216400
-0.2452120035886765
-0.2531834542751312
-0.2149522900581360
-0.2102605253458023
-0.1686630249023438
-0.1524477303028107
-0.1785194575786591
-0.1776336133480072
-0.1133768856525421
-0.1013920158147812
-0.2314821481704712
-0.2280763685703278
-0.2108654975891113
-0.1801917552947998
-0.1853795796632767
-0.2104529440402985
-0.2320062816143036
-0.2302682101726532
-0.2436113655567169
-0.2402920424938202
-0.2580800950527191
-0.2548575401306152
-0.2268739193677902
-0.2410767376422882
-0.2122850865125656
-0.1925003826618195
-0.2194093614816666
-0.2191352546215057
-0.1525577008724213
-0.1815717816352844
-0.2143267095088959
-0.2054476886987686
-0.2185052782297134
-0.2047312557697296
-0.1978547126054764
-0.1821230351924896
-0.2147727310657501
-0.2347573339939117
-0.2419794648885727
-0.2245021909475327
-0.2650972902774811
-0.2937847077846527
-0.3228080570697784
-0.2889719903469086
-0.2504333853721619
-0.2076056599617004
-0.2431782484054565
-0.2551054656505585
-0.2109740227460861
-0.2217193990945816
-0.2526847422122955
-0.2770632505416870
-0.2516755461692810
-0.2267849892377853
-0.1842902302742004
-0.1910508722066879
-0.2213856726884842
-0.2731467783451080
-0.2476251274347305
-0.2171875536441803
-0.2441999912261963
-0.2988840341567993
-0.3810353875160217
-0.3670142292976379
-0.3436672389507294
-0.2247801572084427
-0.2158203125000000
-0.2665590941905975
-0.2537576854228973
-0.2446293234825134
-0.2814349830150604
-0.2922332882881165
-0.2738464772701263
-0.2595413029193878
-0.2241705805063248
-0.3027554154396057
-0.4631467461585999
-0.4738900065422058
-0.3768746554851532
-0.2620235681533813
-0.2611877918243408
-0.2997249066829681
-0.3157187700271606
-0.3299100100994110
-0.3270154595375061
-0.2681158781051636
-0.2201035618782043
-0.2514048516750336
-0.2407799512147903
-0.2362086176872253
-0.1937814056873322
-0.2445081472396851
-0.2664697468280792
-0.2704601883888245
-0.2782479226589203
-0.4233444035053253
-0.4303899407386780
-0.4251133799552917
-0.4637302756309509
-0.3371161818504333
-0.2871108353137970
-0.2620524466037750
-0.2765261530876160
-0.3318183422088623
-0.2710599303245544
-0.2590745687484741
-0.2150798738002777
-0.2554510533809662
-0.2296668142080307
-0.2141516953706741
-0.1751899719238281
-0.2278556972742081
-0.2696729600429535
-0.2593608796596527
-0.2926062047481537
-0.4444222450256348
-0.4257679879665375
-0.4628127813339233
-0.4463977813720703
-0.3806698322296143
-0.2719283103942871
-0.2403485178947449
-0.2569347918033600
-0.2727970182895660
-0.2243070751428604
-0.2429823428392410
-0.2130792737007141
-0.2106665819883347
-0.1767195165157318
-0.1730315089225769
-0.2239249646663666
-0.2167915999889374
-0.2559598088264465
-0.2459452748298645
-0.2881794571876526
-0.4271883964538574
-0.4073273241519928
-0.4519188404083252
-0.4150581955909729
-0.3386022150516510
-0.2394143044948578
-0.2023161649703979
-0.2090093791484833
-0.2024399340152740
-0.2178084403276443
-0.2379683256149292
-0.2186372727155685
-0.2245300412178040
-0.2002026736736298
-0.1948412656784058
-0.1850417703390121
-0.2092671990394592
-0.2572761476039886
-0.2534482181072235
-0.2662450373172760
-0.3056813478469849
-0.3004855215549469
-0.3103487193584442
-0.3131014108657837
-0.2708061933517456
-0.2167272865772247
-0.2160825282335281
-0.2074854522943497
-0.2310118228197098
-0.2528792917728424
-0.2390586286783218
-0.2058694511651993
-0.2168764472007751
-0.2029209733009338
-0.1959419697523117
-0.1856243461370468
-0.2008519917726517
-0.2394566386938095
-0.2468506246805191
-0.2509288787841797
-0.2221287935972214
-0.2134449481964111
-0.2038678079843521
-0.2313731461763382
-0.2041538655757904
-0.1640406847000122
-0.1755029410123825
-0.2017432153224945
-0.2133507430553436
-0.2248545289039612
-0.2186897993087769
-0.1894763261079788
-0.1900769323110580
-0.1670365035533905
-0.1600712686777115
-0.1771585792303085
-0.1891864687204361
-0.2105980962514877
-0.2328990846872330
-0.2361727952957153
-0.2202699482440948
-0.2173833250999451
-0.2169022709131241
-0.2313174307346344
-0.2096625566482544
-0.1788370460271835
-0.1891731023788452
-0.2117494791746140
-0.2133751511573792
-0.2056289613246918
-0.2223555892705917
-0.2107856124639511
-0.2055288851261139
-0.1767525225877762
-0.1774419397115707
-0.1843968927860260
-0.2013910412788391
-0.2167392820119858
-0.2280861288309097
-0.2471078634262085
-0.2187935411930084
-0.1813899129629135
-0.1902863979339600
-0.2001809775829315
-0.2311657667160034
-0.2314088195562363
-0.2385661900043488
-0.2303382456302643
-0.2264217883348465
-0.2215499281883240
-0.2408375591039658
-0.2537781000137329
-0.2491143345832825
-0.2349659651517868
-0.2426746040582657
-0.1682558357715607
-0.1877501308917999
-0.1959697008132935
-0.1835293471813202
-0.1795276403427124
-0.1635592579841614
-0.1610393375158310
-0.1272124052047729
-0.1258417367935181
-0.2085111141204834
-0.2403987944126129
-0.2607207894325256
-0.2645138204097748
-0.2531968653202057
-0.2382741272449493
-0.2405401617288589
-0.2611561417579651
-0.2676513195037842
-0.2929364442825317
-0.2690778076648712
-0.1438749730587006
-0.1534817963838577
-0.1741602122783661
-0.1820919215679169
-0.1640836894512177
-0.1591935753822327
-0.1698392331600189
-0.1445867717266083
-0.1214145720005035
-0.1717451214790344
-0.2018455266952515
-0.2407391816377640
-0.2284639328718185
-0.2262404263019562
-0.2432152926921844
-0.2273141741752625
-0.2538772821426392
-0.2533160746097565
-0.2731463909149170
-0.2343567013740540
-0.1382580995559692
-0.1483769118785858
-0.1868180781602859
-0.2011788785457611
-0.1698298752307892
-0.1883992254734039
-0.1878509074449539
-0.1498365998268127
-0.1440613418817520
-0.1525391638278961
-0.1533241719007492
-0.1827864497900009
-0.1860243529081345
-0.2163382172584534
-0.2433361113071442
-0.2586524486541748
-0.2776269018650055
-0.2571150362491608
-0.2442526817321777
-0.1965762376785278
-0.1515343040227890
-0.2004049122333527
-0.2337243556976318
-0.2579803168773651
-0.2389227151870728
-0.2130287289619446
-0.2088543176651001
-0.1857686787843704
-0.1983782351016998
-0.1878638267517090
-0.1826039999723434
-0.1914874911308289
-0.2187576591968536
-0.2262864559888840
-0.2389031946659088
-0.2629320323467255
-0.2602198123931885
-0.2633088827133179
-0.2417432665824890
-0.2213879823684692
0.0679356902837753
0.0447779223322868
0.0044162143021822
0.0015666503459215
0.0290744677186012
0.0416054874658585
0.0500954985618591
0.0469149053096771
0.0667365938425064
0.0812261402606964
0.0745630934834480
0.0647594109177589
0.0343128368258476
0.0312605760991573
0.0263919793069363
0.0476942956447601
0.0977229177951813
0.1448089331388474
0.1746412962675095
0.1656102836132050
0.0693068504333496
0.0365635752677917
-0.0008891243487597
-0.0095401629805565
0.0110811591148376
0.0278633404523134
0.0415541604161263
0.0641318559646606
0.0458943247795105
0.0742697343230247
0.0674530416727066
0.0487586483359337
0.0154154114425182
0.0181867666542530
-0.0018414855003357
-0.0155912972986698
0.0204232204705477
0.1028476059436798
0.1961082071065903
0.1972008794546127
0.1122954934835434
0.0885607451200485
0.0342737846076488
0.0206860695034266
0.0364744849503040
0.0512802675366402
0.0803535431623459
0.1168096363544464
0.0738067701458931
0.0344915948808193
0.0259076431393623
0.0439225882291794
0.0570446290075779
0.0219319704920053
-0.0200624167919159
-0.0113784894347191
0.0304230917245150
0.0670418590307236
0.1168907284736633
0.1477193236351013
0.1062401384115219
0.0950209945440292
0.0607567131519318
0.0623840093612671
0.0827578082680702
0.0986941456794739
0.0813481211662292
0.0413784459233284
0.0022095479071140
-0.0344444103538990
-0.0014712158590555
0.0129173044115305
0.0485193058848381
0.0488395392894745
0.0170181505382061
0.0367283113300800
0.0203519184142351
0.0613234080374241
0.1013150364160538
0.0978736132383347
0.0674316734075546
0.0682764798402786
0.0626691430807114
0.0714929550886154
0.1169794499874115
0.1107241362333298
0.0809603184461594
0.0418528169393539
0.0090553313493729
-0.0039689056575298
0.0268189460039139
0.0411040335893631
0.0525299906730652
0.0426367372274399
0.0187384188175201
0.0101554635912180
0.0193699970841408
0.0830435901880264
0.0982918292284012
0.0784338936209679
0.0838505700230598
0.0936665236949921
0.0735703632235527
0.0722020715475082
0.0929614454507828
0.0978207141160965
0.0944874584674835
0.0805165767669678
0.0273378361016512
0.0209224950522184
0.0232119783759117
0.0273349601775408
0.0211089216172695
0.0230782665312290
0.0119493287056684
0.0202701799571514
0.0282516404986382
0.0521723181009293
0.0687438398599625
0.0803248286247253
0.1221502870321274
0.1226448416709900
0.0807245969772339
0.0540625639259815
0.0374346897006035
0.0465519689023495
0.0943754613399506
0.0990030765533447
0.0745306462049484
0.0480066910386086
0.0355402640998363
0.0212911125272512
-0.0059746317565441
-0.0203819423913956
-0.0258740521967411
0.0171415861696005
0.0275295265018940
0.0354040004312992
0.0359169244766235
0.0579022020101547
0.0786038786172867
0.0653183907270432
0.0420051142573357
0.0458732433617115
0.0561576969921589
0.0520611628890038
0.0807500481605530
0.0568207949399948
0.0602287650108337
0.0541633963584900
0.0489356294274330
-0.0063749663531780
-0.1069803535938263
-0.1185784637928009
-0.0473623909056187
0.0330479070544243
0.0672974437475204
0.0723686963319778
0.0711317434906960
0.0826817750930786
-0.0173080377280712
-0.0282353796064854
-0.0146921388804913
-0.0074925422668457
0.0123784318566322
-0.0478894449770451
-0.1503986567258835
-0.1658802479505539
-0.0777014195919037
0.0078226029872894
0.0028903558850288
-0.0358735285699368
-0.0700884461402893
-0.1367219686508179
-0.0558220930397511
0.0027685146778822
0.0645857006311417
0.0822898298501968
0.0913238078355789
0.1045383512973785
0.0315514467656612
-0.0368557386100292
0.0002437997609377
-0.0068563260138035
-0.0490282587707043
-0.1569840759038925
-0.1891195476055145
-0.1903064697980881
-0.1025193333625793
-0.0344171188771725
-0.0089941918849945
-0.0241486169397831
-0.0871928483247757
-0.1348740160465240
-0.0334779210388660
0.0191826298832893
0.0534519031643867
0.0343715809285641
0.0461655780673027
0.0777311250567436
0.0829254016280174
0.0078097432851791
0.0023058876395226
0.0050778575241566
-0.0586787052452564
-0.1775802075862885
-0.1312181651592255
-0.1360337734222412
-0.0904989987611771
-0.0712974518537521
-0.0117173753678799
-0.0434208624064922
-0.0211554728448391
-0.0206000693142414
-0.0264259949326515
0.0439346767961979
0.0599687956273556
0.0673908218741417
0.0635125041007996
0.0823161602020264
0.0228861551731825
0.0080941710621119
-0.0051183477044106
0.0419313162565231
-0.0285669006407261
-0.1745397299528122
-0.2263599783182144
-0.2569930553436279
-0.1391438990831375
-0.0515873692929745
0.0159636437892914
-0.0104171745479107
-0.0148666463792324
0.0101291723549366
0.0009570457041264
0.0661938190460205
0.0558991879224777
0.0590798668563366
0.0541758984327316
0.0906489938497543
0.0304697863757610
0.0271739829331636
0.0010628327727318
0.0264397822320461
-0.0380342788994312
-0.0949701517820358
-0.1540039181709290
-0.1320753693580627
-0.0746025294065475
-0.0073536932468414
0.0215355977416039
0.0036689415574074
0.0268897190690041
0.0513859540224075
0.0448689833283424
0.0624885410070419
0.0499306358397007
0.0535075739026070
0.0406217798590660
0.0637237057089806
0.0537467822432518
0.0511640347540379
0.0329509750008583
0.0262878052890301
0.0193788819015026
0.0121769001707435
0.0147553402930498
0.0278042089194059
0.0444515272974968
0.0577494800090790
0.0691401958465576
0.0649173855781555
0.0929124951362610
0.1074160933494568
0.1056463420391083
0.1115659624338150
0.1001810133457184
0.0786851495504379
0.0626933127641678
0.0772635340690613
0.0928832888603210
0.0753928720951080
0.0711692348122597
0.0688714310526848
0.0755154043436050
0.0781747102737427
0.1046835333108902
0.1225256472826004
0.1289019733667374
0.1544973850250244
0.1661768704652786
0.1681178808212280
0.1697557419538498
0.1652575284242630
0.1558005213737488
0.1495691984891891
0.1604370772838593
0.1476635634899139
0.1205609589815140
0.1138665080070496
0.0594686008989811
0.0583718866109848
0.0833118185400963
0.1097425222396851
0.0806741788983345
0.0767527967691422
0.1377838253974915
0.1508549898862839
0.1799859255552292
0.1778094172477722
0.1772688180208206
0.1587730497121811
0.1578483879566193
0.1401837468147278
0.1305568963289261
0.1240089386701584
0.1264381557703018
0.1354062557220459
0.1376076340675354
0.1313315033912659
0.0508593730628490
0.0524121820926666
0.1121922135353088
0.1475713998079300
0.1507724672555923
0.1490246355533600
0.1913862973451614
0.2335591465234756
0.2610673606395721
0.1900870501995087
0.1759288907051086
0.1478391885757446
0.1012626588344574
0.0999607145786285
0.0967498868703842
0.1115228086709976
0.1283508539199829
0.1195715814828873
0.0761006399989128
0.1169968694448471
0.0599849112331867
0.0792366862297058
0.1058406084775925
0.1571045815944672
0.1766873896121979
0.1745109409093857
0.1896366328001022
0.2411047667264938
0.2702634036540985
0.2294660508632660
0.2015156894922256
0.1723956465721130
0.1408153772354126
0.1517480313777924
0.1313246339559555
0.1671676486730576
0.1767456680536270
0.1916967481374741
0.1350856274366379
0.1301115900278091
-0.0022045783698559
-0.0340047925710678
0.0214872695505619
0.1075419634580612
0.1603363603353500
0.1415572315454483
0.1311043798923492
0.1775165498256683
0.1825847923755646
0.1887847632169724
0.1908846497535706
0.1991052329540253
0.1980178356170654
0.2020335495471954
0.1757825165987015
0.1556939631700516
0.1522821784019470
0.1353175342082977
0.0910368859767914
0.1423245966434479
-0.0058160051703453
-0.0279398262500763
-0.0180297382175922
0.0200738720595837
0.0362359955906868
0.0487132556736469
0.0711825340986252
0.1085469871759415
0.1259919255971909
0.1656059324741364
0.2072656750679016
0.2432491332292557
0.2302286922931671
0.2188915461301804
0.1665659397840500
0.1408000886440277
0.1071479916572571
0.0800451785326004
0.0435940138995647
0.0655933171510696
0.0205802470445633
0.0717087760567665
0.0316012352705002
-0.0625058636069298
-0.0516480803489685
-0.0073425788432360
-0.0334029011428356
0.0155133418738842
-0.0026546567678452
0.0020755250006914
0.0162085182964802
0.0058535933494568
-0.0002415087074041
0.0004110876470804
-0.0158744826912880
-0.0193731635808945
-0.0229384452104568
0.0085788927972317
-0.0066313529387116
0.0040120370686054
0.0284669511020184
0.0843971967697144
0.0203416943550110
-0.0582135766744614
-0.0521930605173111
-0.0130983982235193
0.0288385637104511
0.0826606452465057
-0.0564637482166290
-0.0842335149645805
-0.0005712695419788
0.0234210863709450
0.0310187488794327
0.0362821593880653
0.0232459977269173
-0.0123856067657471
-0.0857132524251938
-0.0490266531705856
-0.0029150433838367
0.0344469174742699
0.0308164730668068
0.0965963155031204
0.0351712331175804
-0.0216828174889088
-0.0227823499590158
-0.0366828739643097
0.0325625315308571
0.1011427044868469
-0.0512580648064613
-0.0798863843083382
-0.0137911047786474
-0.0061504729092121
0.0242825336754322
0.0585267692804337
0.0895861238241196
0.0441254079341888
-0.0910232961177826
-0.1396829485893250
-0.0452281795442104
0.0446565896272659
-0.0122529678046703
0.0649157613515854
0.0440446287393570
0.0186785832047462
0.0066790878772736
-0.0524488501250744
-0.0067307371646166
0.0938311815261841
-0.0118584670126438
-0.0293990150094032
-0.0105085531249642
-0.0605933368206024
-0.0451411306858063
0.0253642238676548
0.1003295406699181
0.0575233697891235
-0.0737008452415466
-0.1217265874147415
-0.0292236544191837
0.0233411081135273
-0.0397947840392590
-0.0030440762639046
0.0196297168731689
0.0211492851376534
-0.0014071669429541
-0.0463543608784676
0.0234700292348862
0.1090035885572433
0.0091994181275368
-0.0035173110663891
-0.0196018498390913
-0.1041062772274017
-0.0894024372100830
-0.0028630979359150
0.0831879228353500
0.0418937578797340
-0.0374897010624409
-0.0703040808439255
-0.0087755955755711
0.0090493429452181
-0.0386382937431335
-0.0437363907694817
-0.0205801129341125
0.0061171632260084
0.0146853923797607
-0.0147899836301804
0.0537391752004623
0.1093933582305908
0.0161489285528660
-0.0147047443315387
-0.0510789081454277
-0.0860949307680130
-0.0414320752024651
0.0285595543682575
0.0805044919252396
0.0275892093777657
-0.0196495540440083
-0.0555585175752640
-0.0370285511016846
0.0052098166197538
-0.0348658561706543
-0.0483908317983150
-0.0191433671861887
0.0366648025810719
0.0645375475287437
-0.0307239126414061
-0.0270210262387991
0.0314197242259979
-0.0032936334609985
-0.0031232899054885
-0.0448017939925194
-0.0115270391106606
0.0213022083044052
0.0289234742522240
0.0614974498748779
0.0443280413746834
-0.0054218843579292
-0.0493690595030785
-0.0452631264925003
-0.0239183232188225
-0.0259149894118309
-0.0115893576294184
-0.0124645447358489
0.0407932102680206
0.0792554020881653
-0.0412417128682137
-0.0554777272045612
-0.0017766039818525
0.0078048538416624
0.0464582145214081
-0.0567646361887455
0.0478268042206764
0.1117843687534332
-0.0546510890126228
-0.0450435057282448
0.0769075006246567
0.0051725208759308
-0.0466196797788143
-0.0140351364389062
-0.0119660384953022
0.0278868302702904
-0.0430965870618820
-0.0645117759704590
-0.0153686702251434
0.0001045949757099
-0.0003321506083012
0.0511670783162117
-0.0604323521256447
-0.0542352199554443
0.0780692473053932
-0.0501963309943676
0.1473587453365326
0.1577898114919662
-0.1089508309960365
-0.2188510894775391
0.0487064123153687
0.0253149718046188
-0.0373490862548351
-0.0173856075853109
0.0052443351596594
0.0824401378631592
-0.0778743252158165
-0.1000511050224304
-0.0274325720965862
-0.0181861557066441
0.1912088394165039
0.1106588095426559
-0.1356618106365204
-0.2068348377943039
0.0092508085072041
-0.0155912488698959
0.1469962745904922
0.1417326033115387
-0.0726680010557175
-0.1889142543077469
0.0203437991440296
0.0511636957526207
0.0333755910396576
-0.0453476905822754
0.0003943592309952
0.0561239346861839
-0.0694982558488846
-0.0394791737198830
0.0068720504641533
0.0114538222551346
0.2999250888824463
0.1201596558094025
-0.1409191191196442
-0.2794446945190430
-0.0264882892370224
-0.0068066976964474
0.0262024402618408
0.0705393403768539
-0.0520894490182400
-0.0443336367607117
0.0181229226291180
0.0938224345445633
0.0729856193065643
-0.0606922395527363
-0.0366535037755966
0.0051046703010798
-0.0445252656936646
-0.0147960707545280
-0.0000935457646847
0.0035158395767212
0.2016452103853226
0.1282611191272736
-0.0972162187099457
-0.1680661290884018
-0.0030640903860331
0.0100833754986525
-0.0231168344616890
-0.0083862431347370
-0.0170484632253647
-0.0032100956887007
0.0284050516784191
0.0685797855257988
0.0689685791730881
-0.0299138091504574
-0.0252550449222326
-0.0486117117106915
-0.0684379860758781
-0.0463058687746525
-0.0213259793817997
0.0000442359596491
0.0680863261222839
0.1051875427365303
-0.0180892571806908
-0.0853311941027641
0.0032081753015518
0.0152309499680996
-0.0237705279141665
-0.0080730114132166
0.0118869077414274
-0.0034954585134983
-0.0117510817945004
-0.0069489665329456
0.0275716856122017
0.0215207412838936
0.0186162143945694
-0.0293634515255690
-0.0664076730608940
-0.0665421709418297
-0.0310498010367155
-0.0026246774941683
0.0238836072385311
0.0562851727008820
0.0017249472439289
-0.0382497310638428
0.0155145898461342
0.0293363034725189
-0.0057109780609608
0.0215557739138603
0.0534447133541107
0.0092037748545408
-0.0466152504086494
-0.0374444648623466
0.0190529488027096
0.0359431318938732
0.0367623381316662
-0.0202430076897144
-0.0220527332276106
-0.0399688556790352
-0.0231409221887589
0.0045323818922043
0.0234944857656956
0.0194626189768314
0.0004562363028526
-0.0097436439245939
0.0289685130119324
0.0371579416096210
0.0078533720225096
0.0281510390341282
0.0774028003215790
0.0363463573157787
-0.0248555038124323
-0.0212287455797195
0.0020552761852741
0.0166440457105637
0.0318929739296436
-0.0262598022818565
0.0067984778434038
-0.0113754626363516
0.0197140201926231
0.0671034976840019
0.0210003480315208
-0.0127742262557149
0.0408701151609421
0.0028379969298840
0.0116638094186783
0.0324905365705490
0.0431076698005199
0.0378254391252995
0.0601728707551956
0.0307402238249779
-0.0092393010854721
-0.0104399714618921
-0.0305564571171999
-0.0281970761716366
0.0570409372448921
-0.0180869884788990
0.0193223506212234
-0.0063462769612670
0.0476491525769234
0.1238736808300018
0.0363955944776535
-0.0042849071323872
0.0827025324106216
0.0466240197420120
0.0336784273386002
0.0221676900982857
0.0475265532732010
0.0556895583868027
0.0453587174415588
0.0272049158811569
0.0139277800917625
0.0000542998313904
-0.0536077693104744
-0.0401667878031731
0.0490131378173828
-0.0171690098941326
0.0241758972406387
-0.0004544481635094
0.0293347500264645
0.0974437892436981
0.0280258432030678
0.0088085550814867
0.1034662872552872
0.0984573513269424
0.0919480621814728
0.0250479653477669
0.0363412313163280
0.0406033694744110
0.0032643526792526
-0.0228102616965771
-0.0010561440140009
-0.0119234956800938
-0.0379695184528828
0.0295586809515953
0.0477950945496559
-0.0031712949275970
0.0155350044369698
-0.0125312730669975
0.0131244882941246
0.0509937107563019
0.0566428601741791
0.0727763026952744
0.0897072181105614
0.1036579906940460
0.1288811117410660
0.0667602866888046
0.0472937375307083
0.0219059474766254
-0.0427361093461514
-0.0607474111020565
-0.0258858762681484
-0.0589395053684711
-0.0450547970831394
0.0854401737451553
0.0654053688049316
0.0316668190062046
0.0236999206244946
-0.0181669835001230
-0.0045995097607374
0.0011990126222372
0.0461553856730461
0.0582959130406380
-0.0200759079307318
-0.0461388938128948
0.0184849612414837
0.0463148504495621
0.0101246051490307
-0.0391647927463055
-0.0928467959165573
-0.0741764456033707
-0.0536841377615929
-0.0808414518833160
-0.0603923089802265
0.0485070720314980
0.0270909033715725
-0.0111034736037254
-0.0103175863623619
0.0044810324907303
0.0110105127096176
-0.0073987916111946
0.0143115222454071
0.0518868416547775
0.0822031050920486
0.1142303198575974
0.0712860673666000
0.0274473577737808
0.0184611678123474
0.0170530751347542
0.0253736227750778
0.0783795118331909
0.0970519185066223
0.0297185033559799
-0.0123573467135429
-0.0340472757816315
-0.0134995803236961
-0.0296068117022514
-0.0004292502999306
-0.0141020417213440
-0.0361516028642654
-0.0303651168942451
-0.0106586664915085
0.0157191231846809
0.0584940761327744
0.0893373638391495
0.0627071708440781
0.0284377336502075
0.0287411808967590
0.0205966383218765
0.0240255594253540
0.0792508423328400
0.1765247434377670
0.1454446762800217
0.0387651473283768
-0.0331767573952675
-0.0384491160511971
-0.0074733048677444
-0.0378945320844650
-0.0519135221838951
-0.0452941209077835
-0.0201180055737495
0.0021686404943466
-0.0052095055580139
-0.0438380464911461
-0.0014999434351921
0.0710288733243942
0.0963432937860489
0.0648174583911896
0.0200589895248413
0.0091935321688652
0.0266635715961456
0.0868776887655258
0.1061744987964630
0.0567016005516052
0.0147623121738434
0.0144057720899582
-0.0040292665362358
-0.0702262669801712
-0.1155153363943100
-0.0985511317849159
-0.0689753890037537
-0.0419127307832241
-0.0111837908625603
0.0186203718185425
0.0673170536756516
0.1444398760795593
0.1308911591768265
0.1005457043647766
0.0666677504777908
0.0336974710226059
-0.0119932293891907
-0.0291412100195885
-0.0226021781563759
0.0177768766880035
0.0405157804489136
0.0558304935693741
0.0612942278385162
0.0333457589149475
-0.0205562710762024
-0.0762259289622307
-0.0954507291316986
-0.0718671903014183
-0.0157242268323898
0.0102610811591148
0.0212291181087494
0.0282285213470459
0.0133921727538109
0.0002365931868553
0.0107766762375832
0.0510922372341156
0.0278480648994446
-0.0205898061394691
-0.0294008702039719
0.0228111371397972
0.0417177379131317
0.0304097235202789
0.0273112505674362
0.0066365450620651
0.0045528337359428
-0.0222228169441223
-0.0047904551029205
0.0083410069346428
-0.0224913060665131
-0.0633059293031693
-0.0897567868232727
-0.0914665833115578
-0.0800701156258583
-0.0636796280741692
-0.0011441558599472
0.0462669879198074
0.0514700561761856
0.0472785979509354
0.0496599078178406
0.0625234544277191
0.0700077414512634
0.0520543605089188
-0.0235731005668640
-0.0289424881339073
0.0276921689510345
0.0599896460771561
0.0749056637287140
0.0710925757884979
0.0339263379573822
-0.0364389270544052
-0.0727012082934380
-0.0760925188660622
-0.0399053879082203
-0.0170940011739731
0.0358778536319733
0.0701858997344971
0.0290693193674088
0.0299056172370911
0.0559494942426682
0.0608060956001282
0.0690414905548096
0.0697225779294968
0.0264107435941696
0.0562898218631744
0.0826899111270905
0.0769534856081009
0.0276608765125275
0.0137735158205032
0.0515768080949783
0.0780602842569351
0.0472789406776428
0.0462466329336166
0.0512172728776932
0.0480916500091553
0.1599795371294022
0.1751895695924759
0.0575626790523529
-0.0368112251162529
-0.0081555768847466
0.0106803178787231
0.0123014375567436
0.0206350162625313
0.1369053870439529
0.1205311715602875
0.1043612062931061
0.0663224458694458
0.0067631304264069
0.0401182174682617
0.2521508932113647
0.2642619609832764
0.0983926504850388
0.0105047374963760
0.0306339859962463
0.0474785119295120
0.0373184978961945
0.0352362841367722
0.0406167507171631
-0.0153126344084740
-0.0105329826474190
-0.0016999393701553
-0.0014039948582649
-0.0181975290179253
0.0036674439907074
-0.0073162093758583
0.0130482465028763
0.0354324281215668
0.0425626188516617
0.0963732898235321
0.1530835777521133
0.1635942608118057
0.1059598028659821
-0.0085640475153923
-0.0038096457719803
-0.0636545196175575
-0.1519784629344940
-0.1514413505792618
-0.0592330768704414
0.0033129304647446
-0.0246562585234642
0.0126143097877502
0.0402474403381348
0.0222019404172897
-0.1264984309673309
-0.1330082118511200
-0.0704966485500336
-0.0023565292358398
0.0324055403470993
-0.0367130413651466
-0.0752823874354362
-0.0698619410395622
-0.0481469742953777
-0.0073022916913033
0.0024512112140656
-0.0435055382549763
-0.1780750900506973
-0.1864721179008484
-0.0519001968204975
-0.0087185800075531
-0.0174382999539375
-0.0137932822108269
0.0204684734344482
0.0414135456085205
-0.0386805534362793
-0.0694943293929100
-0.0448198132216930
-0.0521737597882748
-0.0324280411005020
-0.1387788057327271
-0.2504496574401855
-0.2530840933322906
-0.1584879457950592
-0.0419754832983017
-0.0318718701601028
-0.0255191251635551
-0.0445715300738811
-0.0530876778066158
-0.0184318944811821
-0.0212161391973495
-0.0488831326365471
-0.0711491256952286
-0.0433072559535503
0.0078289583325386
-0.0356607437133789
-0.0467597134411335
-0.0401987470686436
-0.0540730282664299
-0.0556198731064796
-0.0924892574548721
-0.2242327630519867
-0.2222159802913666
-0.1024852395057678
-0.0446151718497276
-0.0504000671207905
-0.0409342832863331
-0.0335219949483871
-0.0250764042139053
-0.0053627490997314
-0.0227603688836098
-0.0494108982384205
-0.0651763752102852
-0.0539975203573704
-0.0290125235915184
-0.0960553586483002
-0.0398519225418568
0.0037196874618530
0.0112447738647461
-0.0063176006078720
-0.0393131114542484
-0.1103157475590706
-0.1317826658487320
-0.0947311148047447
-0.0755783990025520
-0.0711440667510033
-0.0661059319972992
-0.0703622251749039
-0.0786850750446320
-0.0681688189506531
-0.0738782435655594
-0.0676487013697624
-0.0315978527069092
-0.0183666944503784
-0.0108199939131737
-0.1056114062666893
-0.0811079666018486
-0.0222019255161285
-0.0170222446322441
-0.0157055556774139
-0.0286901742219925
-0.0615955181419849
-0.0737155228853226
-0.0465909354388714
-0.0417045801877975
-0.0541844516992569
-0.0531957857310772
-0.0586871840059757
-0.0782486125826836
-0.0988939553499222
-0.0889322534203529
-0.0598498843610287
-0.0412987545132637
-0.0345581322908401
-0.0319028496742249
-0.0254650115966797
-0.0596002526581287
-0.0595409162342548
-0.0625645667314529
-0.0261580049991608
-0.0012472569942474
0.0159110054373741
0.0379244387149811
0.0543920695781708
0.0370631515979767
0.0063249021768570
-0.0081852078437805
0.0039585605263710
-0.0091551467776299
-0.0334440469741821
-0.0345504283905029
-0.0120756626129150
-0.0204161182045937
-0.0290484577417374
0.0131277590990067
0.0211987271904945
-0.0122881382703781
-0.0301204919815063
-0.0547449588775635
-0.0705376937985420
-0.0846021622419357
-0.0685293897986412
-0.0623597130179405
-0.0574715323746204
-0.0083117634057999
0.0204738080501556
0.0344537645578384
0.0540449172258377
0.0446790754795074
-0.0013509690761566
-0.0090329945087433
-0.0018718466162682
0.0050893649458885
0.0388350337743759
0.0968081057071686
0.0220518335700035
-0.0164339914917946
-0.0663611814379692
-0.0830211639404297
-0.1273347586393356
-0.1472237706184387
-0.1300493627786636
-0.1059031337499619
-0.1107261106371880
-0.0813161209225655
-0.0223037749528885
0.0178975015878677
0.0178906321525574
0.0011378228664398
-0.0078062936663628
-0.0066948458552361
-0.0211092457175255
-0.0322784110903740
-0.0208225622773170
0.0193804875016212
0.0468012094497681
0.0257162004709244
-0.0171447545289993
-0.0492940321564674
-0.0679481923580170
-0.0778894424438477
0.0032512694597244
0.0088941082358360
-0.0362086594104767
-0.0492884814739227
-0.0504821315407753
-0.0283184498548508
-0.0510520599782467
-0.0548613630235195
-0.0235652774572372
-0.0253481939435005
-0.0282062143087387
-0.0316159650683403
-0.0345988646149635
-0.0141133740544319
0.0813399553298950
0.0574947297573090
0.0258074104785919
0.0035184845328331
-0.0092732608318329
-0.0245842039585114
-0.0191416591405869
-0.0273836776614189
-0.0318776518106461
-0.0279423147439957
-0.0709041357040405
-0.0922641754150391
-0.1373973488807678
-0.1360701918601990
-0.0881066620349884
-0.0705983862280846
-0.0459771491587162
0.0020136758685112
0.0246980339288712
0.0303716510534286
-0.1387002766132355
-0.1341771334409714
-0.1136147975921631
-0.1132383793592453
-0.1979393661022186
-0.2064316123723984
-0.2398799657821655
-0.2281555682420731
-0.2170843183994293
-0.2056007981300354
-0.2296822667121887
-0.2443451881408691
-0.2515585422515869
-0.2258258908987045
-0.1378327012062073
-0.0615958832204342
-0.0804280862212181
-0.1236549839377403
-0.1588085293769836
-0.1327459365129471
-0.1308178156614304
-0.1395117342472076
-0.1363988518714905
-0.1331202089786530
-0.1692784279584885
-0.1885326206684113
-0.2241070270538330
-0.3368432223796844
-0.3085595071315765
-0.2305671274662018
-0.2350025475025177
-0.2233118712902069
-0.2211852967739105
-0.2372084856033325
-0.1178001016378403
0.0226809605956078
-0.0053187729790807
-0.0551981851458549
-0.1184025332331657
-0.1118468493223190
-0.2277854979038239
-0.2620541453361511
-0.2247185856103897
-0.1690871417522430
-0.1719843000173569
-0.2038527280092239
-0.2439764738082886
-0.3815552592277527
-0.3538306951522827
-0.2168378233909607
-0.2127637416124344
-0.2289534658193588
-0.2283023297786713
-0.2109213918447495
-0.1082350984215736
-0.0227347724139690
-0.0608547516167164
-0.0756209641695023
-0.1258890479803085
-0.0855330750346184
-0.2403159588575363
-0.2307158410549164
-0.1820971816778183
-0.1633858084678650
-0.1991469562053680
-0.2527503371238708
-0.2870653271675110
-0.2876795232295990
-0.2699442207813263
-0.1575366109609604
-0.2651727199554443
-0.2838821113109589
-0.2333601266145706
-0.2102808356285095
-0.1409554928541183
-0.0913671404123306
-0.0632053315639496
-0.1072909310460091
-0.1553455144166946
-0.1183333992958069
-0.2123453468084335
-0.2154929488897324
-0.1836752444505692
-0.1669184118509293
-0.1945204436779022
-0.2246342152357101
-0.2652771174907684
-0.2990380525588989
-0.2930544912815094
-0.2096050530672073
-0.3271921277046204
-0.3788335919380188
-0.2783034443855286
-0.2118077278137207
-0.1717620939016342
-0.1363424807786942
-0.1150144413113594
-0.1511380225419998
-0.1788014471530914
-0.1514423489570618
-0.2733016014099121
-0.2571884691715240
-0.1919929385185242
-0.2137766927480698
-0.2350009679794312
-0.2260843813419342
-0.2763344645500183
-0.3437393009662628
-0.3161585927009583
-0.2385724782943726
-0.2702358663082123
-0.3112048804759979
-0.2646767199039459
-0.2346435189247131
-0.2004678696393967
-0.1916109770536423
-0.1821960508823395
-0.1950984150171280
-0.1826689392328262
-0.1692188978195190
-0.3157042860984802
-0.2772531509399414
-0.1926862299442291
-0.1963635385036469
-0.2225053161382675
-0.2295743525028229
-0.2400481104850769
-0.2753432095050812
-0.2403204888105392
-0.2189244925975800
-0.2675137519836426
-0.3214787542819977
-0.3136669993400574
-0.2629738748073578
-0.2063770294189453
-0.2406762391328812
-0.2640531361103058
-0.2585761845111847
-0.2084611654281616
-0.1886450201272964
-0.2850997447967529
-0.2714307904243469
-0.2271888852119446
-0.2544213235378265
-0.3226874470710754
-0.3268560469150543
-0.2475058436393738
-0.2326846420764923
-0.2299030870199203
-0.2983733415603638
-0.3729126155376434
-0.3696289360523224
-0.3061479926109314
-0.2809445559978485
-0.2750715911388397
-0.3053005039691925
-0.3488659560680389
-0.3273025155067444
-0.2511363625526428
-0.2226035296916962
-0.2568346560001373
-0.2985137403011322
-0.2552961111068726
-0.2689880132675171
-0.3036525845527649
-0.2226596027612686
-0.1580024063587189
-0.2049445211887360
-0.2711743116378784
-0.3392784595489502
-0.3845190703868866
-0.3653943240642548
-0.4616852998733521
-0.4704098105430603
-0.3630155622959137
-0.3005251586437225
-0.3140814304351807
-0.3443370759487152
-0.2796037197113037
-0.2492681145668030
-0.3431695997714996
-0.3796952366828918
-0.3133918642997742
-0.3154397308826447
-0.3468693196773529
-0.2316818386316299
-0.2680638134479523
-0.2856889963150024
-0.2807327210903168
-0.3065290451049805
-0.3018861413002014
-0.2992946803569794
-0.4078412950038910
-0.4149802625179291
-0.3145496547222137
-0.2965356409549713
-0.2698412537574768
-0.3264394998550415
-0.2980571091175079
-0.2308191508054733
-0.2556807696819305
-0.2769869863986969
-0.2581914365291595
-0.3271173536777496
-0.3443482816219330
-0.2336013913154602
-0.2932328581809998
-0.3212455213069916
-0.2915200889110565
-0.2678683400154114
-0.2570073306560516
-0.2433462888002396
-0.2207665890455246
-0.2515590190887451
-0.2280628234148026
-0.2936463952064514
-0.2838701605796814
-0.3763425946235657
-0.3741007447242737
-0.2404923290014267
-0.1373372673988342
-0.1848416626453400
-0.2267905920743942
-0.3031685054302216
-0.2665078043937683
-0.2065694630146027
-0.1826120167970657
-0.2474781721830368
-0.2173178195953369
-0.2239691466093063
-0.2607809305191040
-0.2534241080284119
-0.2311352789402008
-0.2564003169536591
-0.2388918101787567
-0.3092974722385406
-0.3068900704383850
-0.3338680565357208
-0.3425003290176392
-0.2695238888263702
-0.1757935285568237
-0.1897541731595993
-0.2027886956930161
-0.2293521612882614
-0.1895352005958557
-0.1464479267597198
-0.1159410700201988
-0.1712610125541687
-0.1921481937170029
-0.2021372467279434
-0.2174662947654724
-0.2251608669757843
-0.2425904572010040
-0.3022262156009674
-0.3171249926090240
-0.3347692489624023
-0.2996044754981995
-0.2586903870105743
-0.2909711003303528
-0.2398091256618500
-0.2388945370912552
-0.2509479820728302
-0.2439285963773727
-0.2317382544279099
-0.2388625890016556
-0.1852342784404755
-0.1903753876686096
-0.2084370106458664
-0.2185822427272797
-0.2009331285953522
-0.2298216968774796
-0.2386278361082077
-0.2469502389431000
-0.2954336106777191
-0.3456520140171051
-0.3431590497493744
-0.2778148353099823
-0.2425200939178467
-0.2765550017356873
-0.2185664027929306
-0.1891213655471802
-0.2577057778835297
-0.2851538062095642
-0.2811479270458221
-0.2784206271171570
-0.2612679600715637
-0.2443393468856812
-0.2211188524961472
-0.2249564826488495
-0.2268954813480377
-0.2543594837188721
-0.2465839982032776
-0.2173055559396744
-0.2348575592041016
-0.2841043770313263
-0.3006767034530640
-0.2698308229446411
-0.2775207459926605
-0.2856384515762329
-0.2648545205593109
-0.1468800157308578
-0.2572825253009796
-0.2815026938915253
-0.2659935057163239
-0.2963133156299591
-0.3081181943416595
-0.2505260109901428
-0.2405985742807388
-0.2714545726776123
-0.2721576392650604
-0.2648194432258606
-0.2441907525062561
-0.2148619145154953
-0.2023963928222656
-0.2418267428874969
-0.2835708260536194
-0.2823136448860168
-0.2868908047676086
-0.2431005388498306
-0.1948444098234177
-0.1893156617879868
-0.3019284307956696
-0.3010338246822357
-0.2816638052463531
-0.3103147149085999
-0.3464459180831909
-0.2655834555625916
-0.2404533624649048
-0.3107241988182068
-0.3344313502311707
-0.3051486015319824
-0.2797664701938629
-0.2535452842712402
-0.2484443783760071
-0.2671079635620117
-0.3075175285339355
-0.3093287348747253
-0.3029815554618835
-0.2532739937305450
-0.1837714314460754
-0.1530913710594177
-0.2280490398406982
-0.2650467455387115
-0.2674498856067657
-0.2893570363521576
-0.2876241207122803
-0.1943133771419525
-0.1628713756799698
-0.2421439886093140
-0.3167598843574524
-0.3355430066585541
-0.2879124581813812
-0.2779291868209839
-0.2617521882057190
-0.2921184003353119
-0.3095462918281555
-0.3214466571807861
-0.3095387816429138
-0.2916532158851624
-0.2153077870607376
-0.0915149524807930
-0.1049582809209824
-0.1771676391363144
-0.2376718521118164
-0.2328551262617111
-0.1981531530618668
-0.1381951123476028
-0.1349551677703857
-0.2035705298185349
-0.2591045200824738
-0.2879632711410522
-0.2807780206203461
-0.3006179332733154
-0.3226256370544434
-0.3291408419609070
-0.3247935473918915
-0.3115795552730560
-0.2765009701251984
-0.2674714028835297
-0.2180170863866806
-0.0811076164245605
-0.1522808820009232
-0.2188464403152466
-0.2555854916572571
-0.2265686988830566
-0.1863399595022202
-0.1787134855985641
-0.1959237307310104
-0.2389797568321228
-0.2736995518207550
-0.3009812831878662
-0.3432714641094208
-0.3650178313255310
-0.3587282299995422
-0.3479768633842468
-0.3511806428432465
-0.3254387378692627
-0.2791668772697449
-0.2400061190128326
-0.2118433862924576
0.0887300223112106
0.0807195007801056
0.0587020739912987
0.0560395792126656
0.0028800070285797
-0.0181960761547089
0.0085307657718658
0.0509524345397949
0.0713556483387947
0.0321722477674484
0.0012061595916748
-0.0253181010484695
-0.0629673600196838
-0.0492210090160370
0.0282467007637024
0.0960903093218803
0.0677816346287727
0.0581543222069740
0.0287058800458908
0.0835460871458054
0.1038788333535194
0.0886474847793579
0.0426880344748497
0.0176847726106644
0.0056428760290146
-0.0115872472524643
-0.0170297622680664
-0.0722716450691223
-0.0639328211545944
-0.0196851193904877
0.0023236423730850
-0.0065908730030060
-0.0547060072422028
-0.0754764527082443
-0.0136322230100632
0.1232699081301689
0.1482788473367691
0.1188028752803802
0.0537104830145836
0.0797065198421478
0.0279495269060135
-0.0151612162590027
-0.0140319764614105
0.0008233040571213
0.0079189985990524
0.0051247626543045
-0.0080480575561523
-0.0986358970403671
-0.0844559520483017
0.0223344117403030
0.0335780829191208
0.0100995004177094
-0.0602940768003464
-0.0949910432100296
-0.0677902251482010
0.0439482703804970
0.0939757823944092
0.1326277405023575
0.1187696382403374
0.1053647249937057
0.0098872482776642
0.0025083571672440
-0.0032240897417068
-0.0142154842615128
-0.0288401991128922
-0.0216090530157089
0.0090101063251495
0.0330722182989120
-0.0058152973651886
0.0459216311573982
-0.0183570384979248
-0.0115898400545120
-0.0279700607061386
-0.0504873543977737
-0.0235244631767273
0.0504696145653725
0.0857968926429749
0.1309992969036102
0.0910031944513321
0.0582308992743492
0.0505698621273041
0.0241463780403137
-0.0113867819309235
-0.0386758893728256
-0.0373886227607727
-0.0023383945226669
0.0389061868190765
0.0190611630678177
-0.0229339450597763
-0.0148085057735443
-0.0911281853914261
-0.1107895821332932
-0.0540950894355774
-0.0204963684082031
-0.0086220502853394
0.0259792208671570
0.0708247199654579
0.1137226819992065
0.0810163244605064
0.0376408845186234
-0.0017060935497284
-0.0118130445480347
-0.0124492943286896
-0.0472538322210312
-0.0398817956447601
-0.0076555013656616
0.0017335116863251
-0.0286732167005539
-0.0177299976348877
0.0027474611997604
-0.0312477201223373
-0.0705927312374115
-0.0642755925655365
-0.0442808717489243
-0.0283619910478592
-0.0016103088855743
0.0589347556233406
0.0927520021796227
0.0855053588747978
0.0790623575448990
-0.0523339211940765
-0.0525702536106110
-0.0044084340333939
-0.0251598507165909
-0.0518148094415665
-0.0721525400876999
-0.0128028839826584
-0.0085237473249435
0.0199321806430817
0.0091190040111542
-0.0141763538122177
-0.0629411488771439
-0.0622470825910568
-0.0465142130851746
-0.0476658493280411
-0.0461323708295822
-0.0100458711385727
0.0108930021524429
0.0406724438071251
0.0695518180727959
-0.0191393196582794
-0.0258434414863586
-0.0289705842733383
-0.0468552112579346
-0.1175010353326797
-0.1222168952226639
-0.0330258905887604
0.0086789578199387
0.0164880305528641
-0.0551268607378006
-0.0864381939172745
-0.0858147442340851
-0.0559062808752060
-0.0314771533012390
-0.0366771668195724
-0.1017144173383713
-0.0927571803331375
-0.0523024052381516
0.0087424516677856
0.0569616854190826
0.0272073298692703
-0.0292707979679108
-0.0217525660991669
-0.0314891189336777
-0.0630502551794052
-0.0099899619817734
0.1436496824026108
0.1458578109741211
0.0144095718860626
-0.1099239438772202
-0.1156946867704391
-0.1127001196146011
-0.1972454041242599
-0.2001045793294907
-0.1061963289976120
-0.0998763293027878
-0.1060672253370285
-0.0853589177131653
-0.0325483232736588
0.0238872766494751
-0.1174813657999039
-0.1458874791860580
-0.0582708418369293
-0.0447958558797836
-0.0180069208145142
0.0551935359835625
0.0430713668465614
0.0346942991018295
0.0366549938917160
-0.0358069688081741
-0.0198044776916504
-0.0806320309638977
-0.1910407990217209
-0.1830899864435196
-0.1281859725713730
-0.1203003376722336
-0.1167003363370895
-0.1212596744298935
-0.0614698678255081
-0.0046722441911697
-0.0582583695650101
-0.1006633490324020
-0.0273174047470093
-0.0426669418811798
-0.0050438493490219
0.0487512126564980
0.0267527103424072
0.0313749313354492
0.0283923000097275
-0.0020548701286316
-0.0062015801668167
-0.0864382982254028
-0.0836763679981232
-0.1131255775690079
-0.1294216066598892
-0.1194760948419571
-0.1295530349016190
-0.2021399885416031
-0.1774688512086868
-0.0620162338018417
0.1077898442745209
0.0350528806447983
0.0005732029676437
-0.0320273786783218
0.0303224623203278
0.0417970418930054
0.0348922312259674
0.0153725743293762
0.0584866479039192
0.0206056833267212
-0.0356986820697784
-0.1024852246046066
-0.1171140223741531
-0.1362151354551315
-0.1214926689863205
-0.1156731992959976
-0.1229639202356339
-0.1405701190233231
-0.1125137954950333
-0.0608654469251633
0.0693206116557121
0.0460553243756294
0.0162305682897568
-0.0095932036638260
0.0060416609048843
0.0309517830610275
0.0334976017475128
0.0179504156112671
0.0021706670522690
-0.0204677730798721
-0.0486119687557220
-0.0936482101678848
-0.1235321909189224
-0.1251672059297562
-0.1183759719133377
-0.1404867023229599
-0.1658508628606796
-0.1203181892633438
-0.1170303970575333
-0.0637752562761307
0.0194675177335739
0.0022125840187073
-0.0210225135087967
-0.0410135984420776
-0.0497148185968399
-0.0514451712369919
-0.0625509768724442
-0.0709884613752365
-0.0627686381340027
-0.0636357665061951
-0.1017455309629440
-0.1033980101346970
-0.0869944393634796
-0.1093071848154068
-0.1331729143857956
-0.1457033902406693
-0.1686073988676071
-0.1542305201292038
-0.1510482877492905
-0.0773392021656036
0.0016148388385773
-0.0452506393194199
-0.0675120651721954
-0.0745645314455032
-0.0722956806421280
-0.0742333680391312
-0.0556299239397049
-0.0250882506370544
-0.0175461471080780
-0.0260703265666962
-0.0587425529956818
-0.0648312270641327
-0.0500274598598480
-0.0629477053880692
-0.0823446512222290
-0.0961214154958725
-0.1080110520124435
-0.1184944361448288
-0.1239910572767258
-0.0852047204971313
0.0153065919876099
-0.0673858970403671
-0.0822981745004654
-0.0668095201253891
-0.0736009180545807
-0.0880251675844193
-0.0549378097057343
-0.0410537570714951
-0.0410523265600204
-0.0298751592636108
-0.0283361524343491
-0.0448502749204636
-0.0193127393722534
-0.0037263184785843
-0.0126378238201141
-0.0111234039068222
-0.0208756178617477
-0.0434297919273376
-0.0256702750921249
0.0212214440107346
-0.0601487457752228
-0.1216888576745987
-0.0973388701677322
-0.1043522506952286
-0.1383128017187119
-0.1671865731477737
-0.1182672530412674
-0.0981999784708023
-0.1031564027070999
-0.0725270956754684
-0.0035095959901810
-0.0084707289934158
-0.0076469033956528
-0.0085399746894836
-0.0151641815900803
-0.0101375430822372
0.0092001855373383
0.0050939172506332
0.0462613478302956
0.0959568694233894
-0.0692120194435120
-0.1290785521268845
-0.1422090083360672
-0.1080829650163651
-0.1440490335226059
-0.1588618308305740
-0.1010138541460037
-0.0783346295356750
-0.1013840883970261
-0.0447750389575958
0.0150348693132401
0.0492194369435310
0.0242311358451843
-0.0016669332981110
-0.0087959468364716
0.0058983862400055
-0.0060134381055832
-0.0186237543821335
-0.0192835628986359
0.0479544848203659
-0.0244579315185547
-0.0474513173103333
-0.0876740515232086
-0.0872356891632080
-0.0813899487257004
-0.0665372759103775
-0.0084483325481415
-0.0127822458744049
-0.0524352341890335
-0.0004239827394485
0.0427639558911324
0.0599963665008545
0.0180489867925644
-0.0059753060340881
-0.0091201961040497
0.0047754496335983
0.0203496068716049
-0.0019192397594452
-0.0154673755168915
0.0609484389424324
0.0550199970602989
0.0227544605731964
0.0049434900283813
-0.0083636045455933
-0.0090911686420441
-0.0051056444644928
0.0151306688785553
0.0167650431394577
0.0184964537620544
0.0215208977460861
0.0491410270333290
0.0467901378870010
0.0247927308082581
0.0208363234996796
0.0144282728433609
0.0337264686822891
0.0518758744001389
0.0535358637571335
0.0678195282816887
0.0824336409568787
